Numer gry, Wynik
4462, 203
202, 197
8669, 194
7531, 190
7720, 187
7387, 180
6608, 180
7911, 180
2614, 178
9737, 178
8646, 177
6981, 167
5230, 166
8802, 163
4700, 162
6207, 158
2308, 158
561, 157
7176, 156
9817, 156
4171, 155
6349, 153
707, 152
8856, 152
1829, 151
1945, 151
8309, 151
5058, 151
9623, 151
2645, 151
7717, 151
2759, 150
2898, 150
5158, 150
7402, 149
3342, 149
4299, 144
2425, 144
3669, 144
496, 144
3832, 144
4387, 143
8743, 142
5434, 141
5057, 141
7121, 141
8940, 141
5503, 141
4957, 140
9770, 139
1854, 139
9696, 138
5748, 137
330, 136
112, 136
5625, 135
9602, 135
1414, 134
2744, 134
7050, 134
277, 133
9779, 133
5160, 133
1616, 133
1348, 132
2399, 132
8719, 132
1987, 130
7268, 130
6376, 130
2485, 129
9014, 129
321, 129
5000, 129
4759, 129
9087, 128
1087, 128
1946, 128
4089, 128
6317, 128
2317, 127
4570, 127
8234, 127
2006, 127
8471, 127
5264, 127
65, 127
2173, 126
5462, 126
4671, 126
9909, 126
5458, 125
2060, 125
9412, 125
5977, 125
5506, 125
7699, 125
3571, 125
1034, 124
8446, 123
7815, 123
1881, 123
9334, 123
9911, 123
4802, 122
1459, 121
9918, 121
5911, 121
90, 121
2202, 120
2583, 120
1330, 120
1457, 120
5918, 120
5266, 120
7920, 119
5453, 119
5757, 119
5315, 119
2098, 119
2223, 119
6967, 119
959, 119
1875, 119
416, 118
2964, 118
6718, 118
1048, 117
6663, 117
6662, 117
6203, 117
6113, 117
8, 117
7816, 117
3610, 117
3536, 117
153, 116
4232, 116
6979, 116
2662, 116
6529, 116
5515, 116
2007, 116
2150, 116
9521, 116
1125, 116
116, 115
4920, 115
8576, 115
3804, 115
2734, 114
2880, 114
1952, 114
9101, 114
5978, 114
2983, 114
8075, 114
425, 114
9627, 114
3617, 114
7818, 114
2284, 113
2256, 113
5533, 113
9891, 113
1115, 113
3931, 112
1496, 112
1737, 112
7193, 112
5917, 112
9577, 112
1030, 111
8571, 111
5861, 111
2638, 111
1522, 111
2760, 111
5817, 110
6595, 110
7170, 109
3654, 109
144, 109
5354, 109
3351, 109
5156, 109
9829, 109
8128, 109
2318, 108
4244, 108
4977, 108
2241, 108
4602, 107
8584, 107
3954, 107
2462, 107
2371, 107
1549, 107
9816, 106
3859, 106
1567, 106
709, 106
9404, 106
7652, 106
1988, 106
7993, 106
5299, 105
4965, 105
1713, 105
6922, 105
9233, 105
7517, 105
8140, 105
6122, 105
7522, 105
1636, 105
6389, 105
3103, 105
7138, 104
7458, 104
9308, 104
4887, 104
5643, 104
4198, 104
2731, 104
585, 103
9732, 103
5835, 103
1978, 103
5237, 103
9250, 103
9592, 102
9992, 102
3494, 102
1444, 102
1778, 102
8578, 102
5941, 102
2383, 102
6991, 102
5762, 102
9920, 102
8141, 101
7645, 101
4259, 101
3948, 101
2764, 101
7293, 101
4388, 101
6733, 101
3786, 101
2062, 101
9709, 101
6313, 101
9174, 100
7280, 100
453, 100
4247, 100
2355, 100
8516, 100
2890, 100
4576, 100
9416, 100
1789, 100
171, 100
1012, 100
3796, 100
6246, 100
1923, 100
2677, 99
2242, 99
2703, 99
5571, 99
6047, 99
6466, 99
7897, 99
363, 99
6803, 99
6190, 99
9015, 98
8706, 98
3802, 98
8100, 98
3980, 98
3308, 98
5728, 98
2861, 98
3545, 98
5137, 98
8109, 98
6268, 98
2613, 98
5828, 97
6304, 97
3616, 97
426, 97
7246, 97
1339, 97
5971, 97
4720, 97
7822, 97
3058, 97
5785, 97
2884, 97
1705, 96
9400, 96
2437, 96
3253, 96
7765, 96
2652, 96
5194, 96
4292, 96
4665, 96
8412, 96
1757, 96
9596, 96
6088, 96
4434, 96
8250, 96
663, 96
759, 95
1526, 95
2348, 95
5967, 95
3428, 95
2048, 95
6156, 95
529, 95
7869, 95
9680, 95
5481, 95
239, 95
7404, 95
6820, 95
4378, 94
3574, 94
7292, 94
8573, 94
2892, 94
9451, 94
8955, 94
7482, 94
8059, 94
9445, 94
6644, 94
7655, 94
5207, 93
1927, 93
1984, 93
9051, 93
5597, 93
7695, 93
9716, 93
5521, 93
344, 93
995, 93
3241, 93
7133, 93
6443, 93
7244, 93
778, 93
6836, 92
8787, 92
6399, 92
2267, 92
9351, 92
552, 92
6335, 92
772, 92
2839, 92
3169, 92
3704, 92
3599, 92
6756, 92
4631, 92
6153, 92
9989, 92
4734, 92
8238, 92
7865, 92
8170, 91
616, 91
39, 91
958, 91
7684, 91
7015, 91
8934, 91
2574, 91
7532, 91
7309, 91
9698, 91
6859, 91
1121, 91
4596, 90
3361, 90
6462, 90
7112, 90
7342, 90
7299, 90
6208, 90
7270, 90
586, 90
3304, 90
326, 90
9293, 90
8673, 90
4168, 90
6813, 89
3723, 89
7687, 89
8211, 89
9140, 89
5963, 89
405, 89
2009, 89
1943, 89
2629, 89
3070, 89
4884, 88
5371, 88
2066, 88
6948, 88
623, 88
4854, 88
7209, 88
4549, 88
7556, 88
7131, 88
9469, 88
1192, 88
4320, 88
9431, 88
7840, 88
5255, 88
6771, 87
6501, 87
4908, 87
4460, 87
933, 87
4426, 87
7647, 87
8382, 87
901, 87
8640, 87
8402, 87
376, 87
5709, 87
1332, 87
5794, 86
8668, 86
4513, 86
2017, 86
6386, 86
8013, 86
9778, 86
8390, 86
2647, 86
2940, 86
3293, 86
3215, 86
7031, 86
4390, 86
9472, 86
589, 86
5417, 86
8561, 85
3485, 85
4618, 85
798, 85
4706, 85
5627, 85
5891, 85
1186, 85
3719, 85
3744, 85
2434, 85
3803, 85
4084, 85
4110, 85
5061, 85
3309, 85
2258, 85
6945, 85
4300, 84
5362, 84
8103, 84
2910, 84
470, 84
2996, 84
8229, 84
7526, 84
5231, 84
8962, 84
2688, 84
3177, 84
310, 84
9300, 84
1868, 84
2968, 84
2283, 84
7011, 84
3905, 84
1350, 84
6530, 84
1365, 84
6096, 84
7334, 84
1499, 83
5853, 83
2874, 83
2405, 83
6428, 83
3159, 83
3918, 83
43, 83
4269, 83
8406, 83
8844, 83
442, 83
5263, 83
6814, 83
6890, 83
725, 83
2822, 83
5942, 83
1738, 83
2721, 83
6520, 83
294, 83
5400, 82
6865, 82
4021, 82
7266, 82
5816, 82
1342, 82
5974, 82
5483, 82
4621, 82
2664, 82
2061, 82
7534, 82
5624, 82
8824, 82
8855, 81
2532, 81
1938, 81
8352, 81
8332, 81
6775, 81
9403, 81
6827, 81
5428, 81
406, 81
7030, 81
8007, 81
3223, 81
2183, 81
111, 81
177, 81
1131, 81
6907, 81
7825, 81
4620, 81
9417, 81
4128, 81
4478, 81
6035, 80
8763, 80
8671, 80
6698, 80
3164, 80
8674, 80
6351, 80
2306, 80
8289, 80
4325, 80
9364, 80
5349, 80
5284, 80
5508, 80
1019, 80
9448, 80
8560, 80
3236, 80
6844, 80
5091, 80
1623, 80
1867, 80
9712, 80
7487, 80
7340, 80
906, 80
4825, 80
3453, 80
6952, 79
2604, 79
6444, 79
7448, 79
408, 79
254, 79
1814, 79
7469, 79
8395, 79
7622, 79
3227, 79
6073, 79
3685, 79
4839, 79
3601, 79
283, 79
6045, 79
6817, 79
7759, 79
2809, 79
9102, 79
7828, 79
720, 79
8530, 79
6423, 79
6902, 79
7454, 78
3515, 78
5522, 78
4471, 78
7157, 78
7530, 78
3953, 78
1079, 78
9212, 78
2071, 78
2603, 78
2746, 78
5689, 78
6141, 78
7834, 78
2287, 78
8627, 78
3195, 78
5220, 78
6223, 78
956, 78
3062, 78
9977, 78
1213, 78
126, 78
3165, 78
1360, 78
1584, 78
5738, 77
9012, 77
7201, 77
8597, 77
566, 77
7999, 77
1191, 77
718, 77
3020, 77
6693, 77
744, 77
27, 77
9265, 77
521, 77
3321, 77
9842, 77
9152, 77
6842, 77
5103, 77
8209, 77
7447, 76
6367, 76
7418, 76
4512, 76
181, 76
4187, 76
8212, 76
7605, 76
7991, 76
3720, 76
1536, 76
7692, 76
6254, 76
328, 76
8468, 76
6650, 76
1308, 76
2701, 76
8682, 76
8385, 76
5920, 76
3285, 76
4994, 76
5887, 76
8301, 76
6862, 76
4840, 76
741, 76
1307, 76
8185, 75
9194, 75
737, 75
7734, 75
2044, 75
6340, 75
2158, 75
9283, 75
6738, 75
1212, 75
2691, 75
853, 75
6961, 75
1485, 75
7970, 75
7333, 75
1794, 75
810, 75
2592, 75
7493, 75
3353, 75
4954, 75
1049, 75
5046, 75
5122, 75
2225, 75
9464, 75
1180, 75
7039, 75
3958, 75
4627, 75
3067, 75
8463, 75
7962, 74
7881, 74
1825, 74
8067, 74
8082, 74
7736, 74
764, 74
1564, 74
6440, 74
6492, 74
6572, 74
7197, 74
9001, 74
7009, 74
8458, 74
8677, 74
8601, 74
8604, 74
6790, 74
2573, 74
3643, 74
3334, 74
88, 74
4201, 74
9624, 74
3818, 74
9682, 74
2470, 74
2945, 74
5115, 74
5526, 74
3950, 74
3626, 74
4803, 74
3708, 74
6174, 74
2597, 74
3055, 73
6170, 73
3051, 73
7432, 73
9052, 73
2222, 73
8582, 73
971, 73
9222, 73
3433, 73
7719, 73
9689, 73
495, 73
6043, 73
1680, 73
9930, 73
9890, 73
8254, 73
9266, 73
7555, 73
3267, 73
9990, 73
4423, 73
8064, 73
2127, 73
508, 73
1755, 73
8041, 73
8311, 73
8166, 73
9750, 73
3562, 73
7279, 73
746, 73
9783, 73
7972, 73
4008, 73
5353, 73
1116, 73
576, 72
8129, 72
1762, 72
4427, 72
7368, 72
1768, 72
5775, 72
7792, 72
4266, 72
9628, 72
9288, 72
6410, 72
7166, 72
6467, 72
4487, 72
8466, 72
6194, 72
8037, 72
6100, 72
8405, 72
8988, 72
5305, 72
8996, 72
6256, 72
8839, 72
4012, 71
6493, 71
2169, 71
861, 71
3564, 71
8841, 71
7260, 71
428, 71
8077, 71
5644, 71
4731, 71
5682, 71
3582, 71
4859, 71
2255, 71
6913, 71
6864, 71
4056, 71
1882, 71
1328, 71
6594, 71
5455, 71
2233, 71
1657, 71
210, 71
2475, 71
1999, 71
9339, 71
2125, 70
541, 70
8401, 70
7046, 70
9401, 70
9396, 70
5687, 70
4762, 70
6831, 70
5325, 70
7982, 70
1520, 70
4925, 70
1812, 70
8564, 70
2941, 70
3003, 70
8362, 70
9269, 70
8351, 70
4347, 70
8189, 70
8273, 70
4190, 70
4155, 70
2238, 70
6025, 70
9093, 70
859, 70
860, 70
8926, 70
1683, 70
3629, 70
2534, 70
2545, 70
1165, 70
6117, 70
9112, 70
796, 70
4298, 69
3760, 69
7631, 69
4594, 69
9809, 69
6585, 69
4454, 69
6205, 69
9231, 69
7679, 69
4368, 69
1507, 69
8048, 69
2291, 69
3955, 69
2301, 69
781, 69
9957, 69
3047, 69
1041, 69
5664, 69
2706, 69
4467, 69
2841, 69
147, 69
9720, 69
350, 69
9118, 69
8878, 69
3199, 69
9398, 69
4111, 69
5225, 69
3698, 68
4124, 68
7928, 68
386, 68
7164, 68
290, 68
8805, 68
1428, 68
8104, 68
808, 68
9974, 68
2776, 68
6081, 68
5152, 68
6761, 68
7709, 68
6574, 68
9073, 68
4262, 68
6259, 68
5307, 68
5601, 68
2650, 68
6263, 68
3116, 68
8729, 68
2642, 68
4252, 68
6686, 68
1031, 68
9673, 68
4613, 68
9241, 68
6024, 68
3426, 68
6871, 68
5036, 67
3166, 67
324, 67
7858, 67
4122, 67
9793, 67
1271, 67
1344, 67
6306, 67
180, 67
8377, 67
7688, 67
2103, 67
2684, 67
5955, 67
3966, 67
3741, 67
2854, 67
1362, 67
2165, 67
9105, 67
7161, 67
896, 67
3523, 67
6782, 67
3541, 67
8670, 67
2789, 67
4651, 67
3702, 67
4133, 67
9340, 67
1170, 67
8146, 67
7512, 67
9299, 67
8809, 67
3888, 67
1684, 67
7924, 67
6853, 67
5623, 67
8173, 66
4345, 66
1694, 66
264, 66
7553, 66
4915, 66
240, 66
6342, 66
4611, 66
3466, 66
3664, 66
7352, 66
602, 66
9004, 66
6580, 66
1446, 66
2237, 66
6611, 66
6670, 66
963, 66
9815, 66
7985, 66
5842, 66
2135, 66
8579, 66
5812, 66
5731, 66
6816, 66
2079, 66
9196, 66
3898, 66
9786, 66
1407, 66
7058, 66
9426, 66
2357, 66
7693, 66
6497, 66
6725, 65
1132, 65
8982, 65
4475, 65
1574, 65
6271, 65
9853, 65
1318, 65
7488, 65
6766, 65
4237, 65
6412, 65
3935, 65
5860, 65
9111, 65
6433, 65
6561, 65
7397, 65
3563, 65
4213, 65
5950, 65
8806, 65
2521, 65
6658, 65
2679, 65
890, 65
5992, 65
1703, 65
6858, 65
4975, 65
3048, 65
9337, 65
5393, 65
9315, 65
3797, 65
463, 65
287, 65
1521, 65
984, 65
8459, 65
7658, 65
5351, 65
8542, 65
512, 65
1932, 65
3823, 65
7116, 65
9939, 65
1204, 65
5241, 65
4309, 65
4787, 65
1070, 65
5290, 64
8817, 64
6125, 64
4117, 64
9338, 64
6115, 64
1172, 64
3583, 64
7598, 64
3944, 64
1533, 64
8766, 64
5126, 64
4445, 64
1002, 64
2275, 64
6996, 64
3596, 64
7518, 64
3937, 64
397, 64
134, 64
4407, 64
9621, 64
1088, 64
3522, 64
4797, 64
554, 64
1916, 64
889, 64
7938, 64
4074, 64
5803, 64
2134, 64
5590, 64
546, 64
6875, 64
9827, 64
7269, 64
9751, 64
9175, 64
6826, 64
3959, 64
8180, 64
7211, 64
2163, 64
3858, 64
7666, 64
7617, 64
9914, 63
1274, 63
9845, 63
7894, 63
3891, 63
105, 63
7900, 63
7836, 63
3705, 63
8097, 63
3887, 63
1198, 63
4177, 63
7710, 63
4043, 63
9216, 63
1764, 63
7945, 63
2458, 63
9599, 63
5570, 63
8356, 63
286, 63
300, 63
5479, 63
3495, 63
2500, 63
8941, 63
9423, 63
6581, 63
9393, 63
6051, 63
8999, 63
1959, 63
9346, 63
4639, 63
588, 63
5825, 63
4493, 63
1653, 63
7513, 63
6364, 63
9156, 63
6804, 63
1142, 63
9081, 63
2704, 63
9203, 63
1108, 63
7440, 63
2449, 63
7395, 63
6965, 62
101, 62
9123, 62
2917, 62
7060, 62
1516, 62
1514, 62
3006, 62
1234, 62
2865, 62
954, 62
9272, 62
6837, 62
5965, 62
6881, 62
2483, 62
3670, 62
3678, 62
2429, 62
8042, 62
7871, 62
208, 62
7442, 62
3554, 62
1097, 62
4696, 62
6276, 62
7225, 62
817, 62
1269, 62
6245, 62
1443, 62
8450, 62
8436, 62
2596, 62
6242, 62
2489, 62
5022, 62
8967, 61
1273, 61
1626, 61
8973, 61
643, 61
2606, 61
6703, 61
6328, 61
2671, 61
5661, 61
3644, 61
4536, 61
1143, 61
1609, 61
3572, 61
3540, 61
1573, 61
4866, 61
7202, 61
4942, 61
1556, 61
5032, 61
7958, 61
26, 61
9441, 61
3827, 61
5495, 61
1505, 61
3050, 61
1989, 61
8481, 61
9341, 61
8047, 61
9373, 61
4290, 61
7907, 61
3142, 61
356, 61
4039, 60
4004, 60
3273, 60
5612, 60
1919, 60
3145, 60
3122, 60
1960, 60
3094, 60
3040, 60
3005, 60
6936, 60
2994, 60
5193, 60
2899, 60
5675, 60
2849, 60
2689, 60
2213, 60
3989, 60
6409, 60
2469, 60
6339, 60
3584, 60
4218, 60
3810, 60
4280, 60
4288, 60
3784, 60
7574, 60
7563, 60
4562, 60
4577, 60
4112, 60
3559, 60
4652, 60
4684, 60
1786, 60
3487, 60
3452, 60
3295, 60
7141, 60
5049, 60
252, 60
8772, 60
113, 60
1225, 60
832, 60
8658, 60
379, 60
8267, 60
653, 60
8567, 60
8393, 60
348, 60
765, 60
8543, 60
276, 60
9765, 60
9771, 60
8536, 60
640, 60
2384, 59
1153, 59
2386, 59
8562, 59
6037, 59
9660, 59
2486, 59
3600, 59
3190, 59
1662, 59
7515, 59
5328, 59
3360, 59
7603, 59
5173, 59
5924, 59
2185, 59
3538, 59
7859, 59
1415, 59
5991, 59
7864, 59
2161, 59
4902, 59
9649, 59
8613, 59
4617, 59
6767, 59
4698, 59
219, 59
6287, 59
7845, 59
4667, 59
4924, 59
9109, 59
6605, 59
3292, 59
8143, 59
8134, 59
8964, 59
6099, 59
5051, 59
4011, 59
7745, 59
1766, 59
6236, 59
3435, 59
8305, 59
4821, 59
4360, 59
7800, 59
10000, 59
2855, 59
4819, 59
4998, 59
6944, 59
8038, 59
9024, 59
6044, 59
6038, 59
7391, 59
635, 59
3655, 59
5369, 59
1682, 59
3110, 59
4149, 59
8842, 59
456, 59
2955, 58
9225, 58
6586, 58
2717, 58
4661, 58
8112, 58
4125, 58
2253, 58
2214, 58
2312, 58
6523, 58
6553, 58
4703, 58
3467, 58
260, 58
5937, 58
556, 58
8490, 58
6992, 58
3124, 58
9145, 58
3666, 58
1736, 58
1942, 58
3769, 58
5669, 58
7359, 58
9213, 58
9749, 58
9178, 58
5739, 58
5736, 58
9761, 58
2856, 58
4371, 58
8355, 58
5703, 58
5593, 58
849, 58
8704, 58
1187, 58
1582, 58
9647, 58
4230, 58
2140, 58
2925, 58
2121, 58
8176, 58
1162, 58
9836, 58
1644, 58
928, 58
3184, 58
9824, 58
8538, 58
7489, 58
513, 58
7793, 58
6359, 58
8970, 58
1445, 58
8078, 58
3014, 58
2473, 58
4041, 58
5465, 58
1420, 58
9551, 58
6090, 58
7419, 57
8342, 57
2536, 57
6911, 57
3119, 57
9663, 57
8004, 57
8397, 57
3924, 57
4482, 57
5168, 57
1094, 57
9973, 57
3210, 57
7697, 57
8098, 57
8093, 57
1403, 57
3075, 57
5086, 57
7691, 57
1431, 57
8203, 57
1018, 57
1126, 57
4443, 57
6361, 57
7371, 57
7929, 57
5712, 57
5473, 57
797, 57
1053, 57
6524, 57
4531, 57
1140, 57
9550, 57
5139, 57
9068, 57
739, 57
3732, 57
449, 57
2045, 57
70, 57
5846, 57
5715, 57
5805, 57
5003, 57
9427, 57
1247, 57
9839, 57
6221, 57
6664, 57
9795, 57
3057, 57
9003, 56
3646, 56
5908, 56
3176, 56
8235, 56
6173, 56
8686, 56
2609, 56
8069, 56
5580, 56
9139, 56
8270, 56
4287, 56
5608, 56
1652, 56
5616, 56
5472, 56
724, 56
9954, 56
2030, 56
8252, 56
3595, 56
2997, 56
4591, 56
1161, 56
6266, 56
9220, 56
4233, 56
7473, 56
9270, 56
4528, 56
2922, 56
2508, 56
2118, 56
9804, 56
6950, 56
25, 56
3561, 56
9132, 56
8494, 56
4909, 56
3238, 56
1216, 56
7093, 56
820, 56
7978, 56
7979, 56
3413, 56
5112, 56
3715, 56
8786, 56
7163, 56
2278, 56
8003, 56
7998, 56
3469, 56
2289, 56
8695, 56
4367, 56
7735, 56
51, 56
1055, 56
792, 56
4789, 56
8338, 56
5492, 56
6087, 56
9894, 56
7215, 56
5389, 56
2978, 56
7249, 56
8871, 56
8869, 56
5171, 56
846, 56
7393, 56
528, 56
6136, 56
4082, 56
1200, 56
347, 56
7662, 56
494, 56
2813, 56
8416, 56
3046, 56
8966, 56
3170, 56
2810, 56
3136, 55
7243, 55
7241, 55
3656, 55
7221, 55
946, 55
1725, 55
7490, 55
1980, 55
2797, 55
6451, 55
1965, 55
1718, 55
8991, 55
2003, 55
7070, 55
3044, 55
7066, 55
459, 55
141, 55
3625, 55
5634, 55
1950, 55
7190, 55
9725, 55
5693, 55
948, 55
4294, 55
8375, 55
9531, 55
3622, 55
7182, 55
8451, 55
6744, 55
2179, 55
9041, 55
2936, 55
4801, 55
9479, 55
6732, 55
874, 55
9558, 55
3855, 55
3555, 55
6307, 55
6303, 55
8664, 55
4057, 55
6294, 55
7747, 55
1545, 55
5954, 55
6568, 55
769, 55
2690, 55
3232, 55
2661, 55
755, 55
9473, 55
2170, 55
9879, 55
4773, 55
1425, 55
5379, 55
9877, 55
5116, 55
3528, 55
8223, 55
20, 55
9125, 55
5398, 55
2102, 55
4932, 55
3437, 55
7690, 54
761, 54
5504, 54
5972, 54
8322, 54
9822, 54
9180, 54
7281, 54
6070, 54
4330, 54
4678, 54
3290, 54
2770, 54
6083, 54
99, 54
2949, 54
4466, 54
1220, 54
6562, 54
1042, 54
1452, 54
1506, 54
2587, 54
4284, 54
8994, 54
7781, 54
1848, 54
632, 54
9777, 54
550, 54
5250, 54
9232, 54
2047, 54
5680, 54
6593, 54
2908, 54
6480, 54
8944, 54
5909, 54
6002, 54
6976, 54
8196, 54
5592, 54
596, 54
1679, 54
2092, 54
8474, 54
5356, 54
1059, 54
8637, 54
9031, 54
5841, 54
9801, 54
1801, 54
8949, 54
9560, 54
2036, 54
3137, 54
3436, 54
4945, 54
6432, 54
8221, 54
2075, 54
7850, 54
9291, 54
7577, 54
9545, 54
3848, 54
9710, 54
9576, 54
7218, 53
6095, 53
4936, 53
3474, 53
1061, 53
2586, 53
2285, 53
4810, 53
6453, 53
2847, 53
2577, 53
5196, 53
5420, 53
9722, 53
862, 53
2724, 53
6768, 53
6016, 53
5073, 53
2738, 53
900, 53
5240, 53
8612, 53
5208, 53
945, 53
4559, 53
6261, 53
2058, 53
2620, 53
6863, 53
6384, 53
1871, 53
342, 53
9164, 53
7124, 53
5155, 53
611, 53
8765, 53
7078, 53
2692, 53
6124, 53
4868, 53
6607, 53
5770, 53
8720, 53
5990, 53
8870, 53
6334, 53
8187, 53
1074, 53
1797, 53
7849, 53
3844, 53
1128, 53
5477, 53
9984, 53
71, 53
1379, 53
3008, 53
9282, 53
3872, 53
3015, 53
7665, 53
8304, 53
3104, 53
535, 53
5367, 53
5409, 53
4340, 53
433, 53
9866, 53
1468, 53
3010, 53
1174, 53
3031, 53
7851, 53
5480, 53
7068, 52
7564, 52
4134, 52
7572, 52
8099, 52
1956, 52
4182, 52
2948, 52
7025, 52
1544, 52
1325, 52
372, 52
91, 52
5080, 52
6628, 52
5979, 52
7045, 52
2400, 52
8425, 52
8736, 52
9264, 52
6322, 52
9906, 52
1207, 52
2099, 52
2802, 52
5875, 52
7578, 52
8657, 52
1397, 52
8249, 52
7582, 52
1265, 52
5189, 52
7981, 52
6030, 52
717, 52
892, 52
5191, 52
955, 52
4625, 52
8072, 52
5984, 52
7641, 52
3372, 52
9721, 52
973, 52
597, 52
4919, 52
35, 52
3387, 52
6395, 52
2881, 52
4473, 52
9527, 52
3127, 52
2201, 52
7014, 52
5002, 52
9757, 52
785, 52
4818, 52
4389, 52
2336, 52
9409, 52
2976, 52
4131, 52
7117, 52
8987, 52
5081, 52
789, 52
4987, 52
3464, 52
6537, 52
5291, 52
3459, 52
8620, 52
6499, 52
621, 52
4001, 52
8816, 52
3903, 52
5027, 52
8594, 52
3703, 52
7219, 52
4383, 52
9172, 52
5863, 52
7780, 52
8484, 51
2990, 51
214, 51
6348, 51
2466, 51
14, 51
5815, 51
857, 51
8345, 51
2174, 51
434, 51
3018, 51
5130, 51
3800, 51
4943, 51
2319, 51
7426, 51
5283, 51
9661, 51
3534, 51
1066, 51
7002, 51
6008, 51
5499, 51
8906, 51
627, 51
6754, 51
7912, 51
8558, 51
2346, 51
1588, 51
2347, 51
132, 51
9530, 51
4217, 51
6758, 51
5469, 51
9168, 51
8317, 51
5052, 51
7599, 51
1698, 51
6488, 51
1085, 51
8492, 51
222, 51
4333, 51
9238, 51
7103, 51
3529, 51
4452, 51
9150, 51
5065, 51
6583, 51
9544, 51
3927, 51
4094, 51
1748, 51
5199, 51
3889, 51
1523, 51
5375, 51
6845, 51
9828, 51
54, 51
4738, 51
2263, 51
4338, 51
5943, 51
1754, 51
6419, 51
8587, 51
8102, 51
3943, 51
9748, 51
6542, 51
6518, 51
7930, 51
3052, 51
2682, 51
776, 51
9477, 51
8709, 51
5010, 51
2538, 51
2203, 51
5783, 51
532, 51
4178, 51
4418, 51
4348, 51
5423, 51
5742, 51
9347, 51
3007, 51
5740, 51
6555, 51
4601, 51
1494, 51
3099, 50
2110, 50
3101, 50
6825, 50
4906, 50
6003, 50
7551, 50
7545, 50
5333, 50
1500, 50
9229, 50
6578, 50
767, 50
4136, 50
6564, 50
6563, 50
4742, 50
8142, 50
1249, 50
4699, 50
3419, 50
805, 50
6525, 50
4129, 50
2675, 50
6448, 50
2351, 50
2673, 50
8689, 50
5044, 50
6327, 50
3092, 50
7616, 50
8202, 50
5897, 50
3542, 50
1427, 50
8194, 50
4897, 50
8703, 50
63, 50
6362, 50
8171, 50
4165, 50
36, 50
4869, 50
1540, 50
7348, 50
9214, 50
510, 50
5471, 50
6904, 50
7355, 50
7067, 50
4428, 50
1297, 50
3012, 50
1897, 50
9010, 50
7496, 50
4016, 50
7497, 50
6017, 50
1035, 50
1293, 50
8464, 50
1979, 50
9276, 50
7443, 50
4476, 50
8915, 50
2792, 50
179, 50
7235, 50
1105, 50
8935, 50
3671, 50
9019, 50
3674, 50
9740, 50
5771, 50
9124, 50
6091, 50
8325, 50
3730, 50
7966, 50
8363, 50
6312, 50
2836, 50
3284, 50
2852, 50
9693, 50
9764, 50
982, 49
7538, 49
833, 49
9610, 49
2651, 49
9734, 49
7271, 49
5933, 49
7657, 49
3506, 49
9588, 49
6206, 49
5449, 49
238, 49
3520, 49
8454, 49
8411, 49
2344, 49
3259, 49
3427, 49
6126, 49
8282, 49
394, 49
2193, 49
3694, 49
9476, 49
2303, 49
1878, 49
2304, 49
6164, 49
5134, 49
9892, 49
4408, 49
8135, 49
9484, 49
3707, 49
4424, 49
2599, 49
1513, 49
2971, 49
5774, 49
325, 49
4722, 49
8147, 49
5368, 49
1017, 49
1920, 49
4790, 49
1483, 49
8404, 49
3765, 49
8308, 49
9589, 49
1039, 49
3724, 49
9640, 49
8204, 49
3204, 49
9935, 49
4277, 49
8901, 49
926, 49
1382, 49
8259, 49
9104, 49
3606, 49
8630, 49
4638, 49
1690, 49
9705, 49
2155, 49
4554, 49
1145, 49
1384, 49
6251, 49
4542, 49
9834, 49
3356, 49
5814, 49
5867, 49
6774, 49
4580, 49
1183, 49
9305, 49
6818, 49
3397, 49
8279, 49
4610, 49
4286, 48
3332, 48
8954, 48
6154, 48
3462, 48
2772, 48
4034, 48
4354, 48
5149, 48
3307, 48
436, 48
4539, 48
8801, 48
9235, 48
8655, 48
3897, 48
7100, 48
5018, 48
2282, 48
4351, 48
5064, 48
9381, 48
7179, 48
2982, 48
1818, 48
8880, 48
199, 48
5280, 48
3590, 48
1069, 48
1802, 48
8985, 48
916, 48
4391, 48
2913, 48
6481, 48
3439, 48
788, 48
507, 48
7177, 48
1484, 48
9528, 48
5501, 48
1167, 48
447, 48
1779, 48
6517, 48
8785, 48
7169, 48
9902, 48
6108, 48
895, 48
1861, 48
7890, 48
1940, 48
369, 48
3928, 48
4458, 48
8167, 48
4226, 48
8734, 48
6222, 48
6603, 48
1109, 48
9612, 48
705, 48
7017, 48
9047, 48
2011, 48
9131, 48
8728, 48
9614, 48
7390, 48
1944, 48
3936, 48
5930, 48
7916, 48
7935, 48
703, 48
3667, 48
868, 48
2210, 48
1918, 48
3893, 48
5178, 48
7485, 48
9654, 48
5583, 48
8859, 48
3488, 48
4646, 48
5543, 48
3560, 48
6573, 48
9360, 48
4442, 48
4527, 48
3117, 48
8040, 48
9873, 48
4091, 48
8747, 48
8090, 48
1429, 48
1704, 48
9385, 48
780, 47
6229, 47
2403, 47
9546, 47
8913, 47
3381, 47
9332, 47
9626, 47
445, 47
3305, 47
6178, 47
8019, 47
726, 47
8058, 47
7952, 47
7903, 47
2995, 47
9056, 47
5113, 47
7856, 47
2621, 47
302, 47
774, 47
6052, 47
7892, 47
731, 47
5104, 47
2418, 47
758, 47
5023, 47
2543, 47
1262, 47
4870, 47
4903, 47
2146, 47
2763, 47
3597, 47
359, 47
2077, 47
8445, 47
1631, 47
1740, 47
7375, 47
5882, 47
5673, 47
9372, 47
217, 47
9780, 47
9219, 47
1099, 47
4223, 47
5181, 47
3218, 47
6713, 47
9636, 47
499, 47
4207, 47
5361, 47
8701, 47
5681, 47
1093, 47
188, 47
8505, 47
3632, 47
5818, 47
9130, 47
8526, 47
9715, 47
4481, 47
9812, 47
5636, 47
7480, 47
1138, 47
400, 47
7630, 47
3780, 47
527, 47
9147, 47
8236, 47
5224, 47
165, 47
7521, 47
5666, 47
8290, 47
9217, 47
998, 47
6848, 47
2249, 47
8169, 47
2705, 47
2974, 47
4144, 47
9408, 47
7738, 47
3460, 47
7306, 47
345, 47
9166, 47
545, 47
2296, 47
3899, 47
1045, 47
482, 47
6554, 47
8372, 47
343, 47
53, 47
8826, 47
2196, 47
7674, 47
7678, 47
6639, 47
8384, 47
4692, 47
4164, 47
8723, 47
8725, 47
7689, 47
1538, 47
7328, 47
6461, 47
4026, 46
9029, 46
4488, 46
3144, 46
9898, 46
1806, 46
1808, 46
9186, 46
7446, 46
7462, 46
7460, 46
5272, 46
7248, 46
9798, 46
108, 46
4329, 46
7114, 46
3713, 46
7969, 46
8381, 46
1359, 46
5677, 46
1872, 46
695, 46
6177, 46
1914, 46
1924, 46
7316, 46
8423, 46
6220, 46
162, 46
7144, 46
3279, 46
1294, 46
1352, 46
9758, 46
7032, 46
3150, 46
1777, 46
8020, 46
5696, 46
121, 46
5041, 46
56, 46
5110, 46
4707, 46
6380, 46
2655, 46
6373, 46
2397, 46
4681, 46
3408, 46
6667, 46
5184, 46
6333, 46
4894, 46
3838, 46
3091, 46
6770, 46
5832, 46
4096, 46
6455, 46
7776, 46
278, 46
4107, 46
1487, 46
7742, 46
8111, 46
4102, 46
9857, 46
609, 46
2377, 46
1253, 46
6408, 46
8154, 46
9257, 46
9089, 46
6026, 46
641, 46
3371, 46
5326, 46
2042, 46
1671, 46
8066, 46
2032, 46
4529, 46
8554, 46
6909, 46
2021, 46
952, 46
3794, 46
2480, 46
2481, 46
4521, 46
6320, 46
3575, 46
3042, 46
6807, 46
9666, 46
2100, 46
1629, 46
4052, 46
4069, 46
584, 46
1637, 46
1647, 46
471, 46
5075, 46
6013, 46
8231, 46
5445, 45
667, 45
3987, 45
5906, 45
9171, 45
544, 45
5252, 45
2817, 45
3157, 45
5777, 45
5229, 45
5843, 45
5868, 45
3205, 45
9466, 45
3093, 45
5185, 45
9519, 45
5542, 45
9099, 45
5539, 45
9080, 45
9069, 45
5128, 45
2643, 45
437, 45
3266, 45
644, 45
9032, 45
3276, 45
5067, 45
3384, 45
4885, 45
4049, 45
7948, 45
6923, 45
7228, 45
1398, 45
4901, 45
3742, 45
6325, 45
7950, 45
4721, 45
830, 45
7761, 45
4543, 45
8892, 45
9557, 45
8032, 45
7660, 45
7323, 45
6838, 45
9600, 45
3445, 45
7712, 45
8455, 45
4438, 45
4827, 45
1503, 45
2305, 45
3417, 45
8813, 45
262, 45
8214, 45
8840, 45
9566, 45
2277, 45
1976, 45
1855, 45
1557, 45
754, 45
3636, 45
7755, 45
4072, 45
2180, 45
8639, 45
7807, 45
4243, 45
6799, 45
9523, 45
8977, 45
2537, 45
2569, 45
2095, 45
3569, 45
8217, 45
869, 45
3817, 45
228, 45
7514, 45
3830, 45
6133, 45
9672, 45
4677, 45
322, 45
4216, 45
7968, 45
2082, 45
4941, 45
6815, 45
4593, 45
3826, 45
9622, 45
4964, 45
304, 45
8014, 45
8210, 44
8447, 44
8137, 44
989, 44
7038, 44
7008, 44
1433, 44
9141, 44
2114, 44
974, 44
5502, 44
6795, 44
1240, 44
1256, 44
6926, 44
3922, 44
364, 44
7806, 44
4561, 44
9900, 44
2757, 44
9462, 44
2076, 44
114, 44
3130, 44
9868, 44
3754, 44
4342, 44
8297, 44
1100, 44
5671, 44
3766, 44
4332, 44
5574, 44
3128, 44
115, 44
7619, 44
5697, 44
7409, 44
1719, 44
9407, 44
9389, 44
4297, 44
9808, 44
7479, 44
3114, 44
1672, 44
1668, 44
7581, 44
9840, 44
9375, 44
4180, 44
9151, 44
3161, 44
4436, 44
7702, 44
8158, 44
7107, 44
3152, 44
2954, 44
7119, 44
8391, 44
1028, 44
2829, 44
5537, 44
2962, 44
8369, 44
3866, 44
1844, 44
3725, 44
4397, 44
1838, 44
5364, 44
7226, 44
2942, 44
1787, 44
3747, 44
8182, 44
2504, 44
6509, 44
8896, 44
2471, 44
2309, 44
5452, 44
5131, 44
8911, 44
8920, 44
4948, 44
7965, 44
4044, 44
649, 44
2268, 44
2265, 44
7906, 44
8767, 44
2702, 44
8764, 44
629, 44
284, 44
8846, 44
3258, 44
2394, 44
1364, 44
1372, 44
1296, 44
2665, 44
2143, 44
9491, 44
6430, 44
2672, 44
6457, 44
3265, 44
2328, 44
3380, 44
2453, 44
6098, 44
2167, 44
6710, 44
6621, 44
8681, 44
9520, 44
836, 44
7990, 44
5939, 44
3222, 44
657, 44
9509, 44
9492, 43
6315, 43
4377, 43
4896, 43
2579, 43
9848, 43
8346, 43
6316, 43
3963, 43
8877, 43
6094, 43
671, 43
7946, 43
8367, 43
5274, 43
288, 43
1622, 43
5987, 43
7558, 43
3828, 43
2920, 43
878, 43
7464, 43
9191, 43
2886, 43
7977, 43
3833, 43
5441, 43
3333, 43
6183, 43
3781, 43
2526, 43
1124, 43
1129, 43
7624, 43
5448, 43
2909, 43
6159, 43
4336, 43
7986, 43
7507, 43
1660, 43
6269, 43
8961, 43
5692, 43
6135, 43
9858, 43
9362, 43
1568, 43
313, 43
2208, 43
2747, 43
1964, 43
5793, 43
1275, 43
5914, 43
371, 43
4780, 43
6652, 43
7732, 43
4756, 43
8710, 43
7872, 43
6966, 43
366, 43
4782, 43
9711, 43
6634, 43
1241, 43
9097, 43
4534, 43
1242, 43
3613, 43
3608, 43
3603, 43
6625, 43
198, 43
3911, 43
837, 43
9246, 43
1874, 43
6806, 43
5885, 43
3418, 43
771, 43
5528, 43
1370, 43
6737, 43
8380, 43
62, 43
2116, 43
5737, 43
1873, 43
1432, 43
8376, 43
2951, 43
2388, 43
1374, 43
1227, 43
6712, 43
1937, 43
5966, 43
9926, 43
8152, 43
4446, 43
1518, 43
5768, 43
5511, 43
6482, 43
2354, 43
3036, 42
4105, 42
5418, 42
1313, 42
4064, 42
5357, 42
1552, 42
1367, 42
5402, 42
5366, 42
3861, 42
9348, 42
1291, 42
3082, 42
1301, 42
7654, 42
8023, 42
4006, 42
8039, 42
9966, 42
8116, 42
7740, 42
1488, 42
9, 42
4046, 42
7587, 42
7584, 42
9897, 42
8533, 42
6575, 42
9606, 42
6640, 42
8654, 42
355, 42
6834, 42
5202, 42
1648, 42
5203, 42
6898, 42
256, 42
571, 42
4498, 42
365, 42
8477, 42
1973, 42
167, 42
9724, 42
1958, 42
1930, 42
8895, 42
3296, 42
5028, 42
8969, 42
5012, 42
8945, 42
6181, 42
5068, 42
8904, 42
9555, 42
6274, 42
8603, 42
8879, 42
2415, 42
6350, 42
9049, 42
9487, 42
4838, 42
3471, 42
4744, 42
6570, 42
5674, 42
1853, 42
4396, 42
7206, 42
7238, 42
133, 42
4359, 42
7332, 42
9177, 42
1756, 42
531, 42
1090, 42
8288, 42
4322, 42
7405, 42
8281, 42
8272, 42
7438, 42
2893, 42
1127, 42
3806, 42
1649, 42
9154, 42
4419, 42
4425, 42
9163, 42
7077, 42
2830, 42
5734, 42
9745, 42
4417, 42
1043, 42
1922, 42
3645, 41
375, 41
155, 41
4126, 41
4923, 41
1320, 41
4162, 41
3999, 41
5414, 41
4933, 41
5412, 41
4966, 41
4484, 41
4983, 41
3392, 41
5016, 41
4005, 41
3313, 41
3748, 41
3208, 41
4186, 41
3553, 41
3217, 41
9637, 41
4640, 41
4670, 41
9759, 41
3198, 41
204, 41
4737, 41
4916, 41
3683, 41
3451, 41
3442, 41
9979, 41
9573, 41
4871, 41
4538, 41
5358, 41
212, 41
9327, 41
2433, 41
6800, 41
7076, 41
6789, 41
7085, 41
1110, 41
7536, 41
1633, 41
8216, 41
2130, 41
9176, 41
536, 41
2460, 41
8889, 41
9190, 41
8642, 41
9193, 41
2148, 41
7094, 41
7098, 41
2422, 41
509, 41
1206, 41
7976, 41
2902, 41
7579, 41
7142, 41
2916, 41
2380, 41
2159, 41
947, 41
1992, 41
9098, 41
8243, 41
9088, 41
600, 41
5904, 41
5896, 41
7003, 41
9108, 41
2750, 41
8517, 41
2660, 41
6931, 41
6929, 41
7349, 41
6010, 41
1244, 41
2762, 41
7802, 41
9022, 41
2050, 41
8995, 41
8581, 41
1929, 41
6102, 41
6128, 41
5772, 41
6805, 41
1056, 41
7394, 41
2307, 41
1843, 41
2933, 41
5560, 41
8831, 41
8333, 41
5494, 41
2340, 41
7210, 41
1555, 41
1822, 41
1769, 41
5509, 41
794, 41
6629, 41
5487, 41
7254, 41
1575, 41
7604, 41
6452, 41
779, 41
8808, 41
8693, 41
8293, 41
7259, 41
6442, 41
7601, 41
1193, 41
7650, 40
9699, 40
248, 40
8568, 40
8788, 40
8545, 40
6029, 40
3274, 40
4108, 40
2617, 40
4192, 40
320, 40
656, 40
2598, 40
662, 40
7519, 40
7799, 40
806, 40
2591, 40
2262, 40
5162, 40
4103, 40
2248, 40
822, 40
9714, 40
2002, 40
9921, 40
8496, 40
9082, 40
7847, 40
257, 40
8508, 40
3637, 40
2644, 40
7843, 40
2680, 40
9060, 40
4736, 40
5120, 40
3807, 40
8623, 40
6612, 40
634, 40
3478, 40
3254, 40
3476, 40
2436, 40
3570, 40
7706, 40
6249, 40
3362, 40
6680, 40
1163, 40
6270, 40
6683, 40
2325, 40
8894, 40
9556, 40
880, 40
6308, 40
3447, 40
6685, 40
9630, 40
3394, 40
8868, 40
2350, 40
8848, 40
4167, 40
4844, 40
9882, 40
2381, 40
2360, 40
8836, 40
2370, 40
3822, 40
4123, 40
4568, 40
1480, 40
8608, 40
201, 40
9676, 40
1638, 40
6434, 40
3322, 40
9675, 40
4991, 40
3900, 40
83, 40
8718, 40
4595, 40
7673, 40
2108, 40
4786, 40
8943, 40
6193, 40
3340, 40
4183, 40
8932, 40
2119, 40
6513, 40
9549, 40
2768, 40
156, 40
2911, 40
562, 40
2790, 40
5334, 40
5336, 40
7983, 40
5584, 40
5838, 40
8046, 40
5779, 40
7173, 40
9223, 40
5553, 40
497, 40
8271, 40
9940, 40
4291, 40
5217, 40
9811, 40
7231, 40
1727, 40
5711, 40
2842, 40
5701, 40
5662, 40
9410, 40
9182, 40
11, 40
5718, 40
7080, 40
9747, 40
5581, 40
4302, 40
7069, 40
3690, 40
1292, 40
5247, 40
1306, 40
5316, 40
8398, 40
4014, 40
3072, 40
7007, 40
5880, 40
7380, 40
8315, 40
7879, 40
1078, 40
4474, 40
5454, 40
5892, 40
5395, 40
5407, 40
2751, 40
1417, 40
5435, 40
4323, 40
580, 40
9239, 40
3074, 40
5510, 40
9359, 40
7492, 40
9607, 39
5652, 39
7092, 39
6324, 39
2430, 39
8161, 39
2427, 39
8026, 39
7369, 39
9207, 39
4718, 39
814, 39
4346, 39
3990, 39
4921, 39
4027, 39
4727, 39
224, 39
4146, 39
8891, 39
2259, 39
7339, 39
1530, 39
2858, 39
9981, 39
6318, 39
225, 39
259, 39
145, 39
8662, 39
8198, 39
7600, 39
5277, 39
4817, 39
9789, 39
3516, 39
9371, 39
7159, 39
9619, 39
3063, 39
1546, 39
9994, 39
1067, 39
1593, 39
7680, 39
4402, 39
791, 39
9590, 39
2961, 39
7597, 39
9884, 39
6357, 39
4881, 39
5617, 39
1613, 39
7685, 39
4858, 39
1565, 39
9248, 39
748, 39
1038, 39
4416, 39
6425, 39
8679, 39
8339, 39
4007, 39
4673, 39
500, 39
146, 39
5859, 39
2049, 39
936, 39
1279, 39
4544, 39
6058, 39
7901, 39
5060, 39
6857, 39
4456, 39
23, 39
565, 39
2575, 39
3682, 39
3816, 39
9688, 39
2565, 39
7908, 39
1714, 39
6114, 39
8957, 39
358, 39
6968, 39
2000, 39
9719, 39
8084, 39
1409, 39
595, 39
3212, 39
9076, 39
8228, 39
1278, 39
158, 39
5106, 39
5869, 39
9050, 39
7021, 39
4099, 39
5997, 39
9702, 39
6009, 39
1154, 39
4465, 39
9434, 39
9674, 39
1222, 39
7708, 39
3325, 39
1909, 39
1232, 39
2812, 39
9430, 39
7918, 39
2816, 39
3962, 39
2793, 39
5753, 39
8616, 39
4946, 39
6227, 39
3354, 39
6231, 39
9542, 39
1223, 39
3345, 39
3139, 39
2533, 39
7054, 39
6788, 39
3346, 39
2502, 39
714, 39
1182, 38
2216, 38
130, 38
9825, 38
9650, 38
4220, 38
7090, 38
1146, 38
6963, 38
4616, 38
1670, 38
1096, 38
1986, 38
7089, 38
986, 38
8188, 38
6604, 38
1967, 38
8663, 38
6620, 38
8303, 38
6623, 38
3799, 38
3507, 38
3631, 38
3662, 38
3775, 38
4420, 38
7044, 38
6709, 38
2087, 38
918, 38
876, 38
6721, 38
2068, 38
7065, 38
3544, 38
2070, 38
4409, 38
7128, 38
4316, 38
871, 38
2074, 38
2081, 38
7192, 38
6874, 38
6657, 38
1813, 38
2190, 38
4663, 38
8294, 38
6678, 38
7465, 38
6905, 38
1691, 38
3531, 38
8629, 38
6747, 38
3552, 38
72, 38
6854, 38
87, 38
3271, 38
9895, 38
2522, 38
6048, 38
3391, 38
2424, 38
7884, 38
9505, 38
9366, 38
2929, 38
4145, 38
8845, 38
7779, 38
9535, 38
2369, 38
8837, 38
3424, 38
3200, 38
3201, 38
3077, 38
5698, 38
7724, 38
7711, 38
5826, 38
9425, 38
9525, 38
2567, 38
7701, 38
46, 38
7960, 38
2748, 38
9886, 38
9447, 38
5642, 38
3186, 38
5215, 38
3370, 38
3112, 38
1399, 38
7992, 38
9268, 38
6538, 38
624, 38
9597, 38
8177, 38
6556, 38
3009, 38
352, 38
6560, 38
5233, 38
5919, 38
5244, 38
1426, 38
5790, 38
2273, 38
4083, 38
452, 38
311, 38
692, 38
353, 38
7830, 38
5980, 38
2659, 38
6504, 38
7833, 38
8174, 38
2975, 38
267, 38
7671, 38
7837, 38
783, 38
2984, 38
5749, 38
5900, 38
2745, 38
1954, 37
7429, 37
5232, 37
3171, 37
3680, 37
9133, 37
2767, 37
7466, 37
575, 37
8256, 37
3141, 37
1957, 37
1277, 37
4066, 37
6995, 37
5175, 37
3652, 37
969, 37
5928, 37
5931, 37
608, 37
1323, 37
9224, 37
8366, 37
491, 37
9234, 37
5377, 37
135, 37
9240, 37
1324, 37
4382, 37
9344, 37
5390, 37
1735, 37
5541, 37
2989, 37
7294, 37
7376, 37
1743, 37
1745, 37
455, 37
5447, 37
125, 37
5438, 37
1760, 37
3761, 37
5421, 37
5716, 37
1378, 37
3154, 37
1371, 37
3692, 37
5746, 37
8286, 37
5722, 37
1907, 37
3147, 37
5721, 37
9419, 37
4206, 37
7406, 37
1349, 37
3970, 37
409, 37
3106, 37
8383, 37
4319, 37
502, 37
2919, 37
3979, 37
9368, 37
7187, 37
7984, 37
7573, 37
4834, 37
3415, 37
6393, 37
4867, 37
8847, 37
2406, 37
6321, 37
2142, 37
6297, 37
6280, 37
6763, 37
4922, 37
4816, 37
4138, 37
719, 37
1529, 37
2129, 37
9554, 37
6234, 37
4947, 37
2503, 37
82, 37
4132, 37
6182, 37
2516, 37
64, 37
1188, 37
4199, 37
2234, 37
8733, 37
3502, 37
2230, 37
2274, 37
9871, 37
6559, 37
7643, 37
4764, 37
3517, 37
2698, 37
4768, 37
6531, 37
8815, 37
6506, 37
4798, 37
4655, 37
1554, 37
6687, 37
3434, 37
9586, 37
3432, 37
5099, 37
7788, 37
6075, 37
6067, 37
6062, 37
2605, 37
6049, 37
6020, 37
2634, 37
2031, 37
3262, 37
1501, 37
4526, 37
185, 37
4090, 37
7838, 37
9059, 37
957, 37
2686, 37
3638, 37
9077, 37
8500, 37
4588, 37
3819, 37
7746, 37
6165, 37
5013, 37
1158, 37
49, 37
1470, 37
7737, 37
1639, 37
4575, 37
9534, 37
8126, 37
4972, 37
689, 37
3994, 36
1387, 36
3863, 36
7744, 36
4080, 36
3993, 36
1566, 36
4285, 36
3857, 36
1418, 36
7500, 36
5422, 36
1472, 36
1336, 36
4150, 36
8261, 36
3829, 36
4009, 36
3974, 36
8219, 36
8010, 36
1548, 36
7385, 36
7995, 36
8255, 36
7529, 36
7882, 36
7810, 36
7824, 36
3839, 36
1199, 36
4221, 36
6633, 36
4796, 36
269, 36
6535, 36
2290, 36
812, 36
4758, 36
5925, 36
4748, 36
4746, 36
598, 36
6571, 36
8771, 36
5180, 36
4689, 36
6631, 36
9078, 36
5874, 36
5198, 36
6645, 36
5201, 36
579, 36
241, 36
3193, 36
233, 36
2766, 36
9449, 36
229, 36
870, 36
9653, 36
2132, 36
6257, 36
673, 36
2566, 36
2562, 36
8971, 36
2547, 36
6145, 36
6092, 36
9533, 36
9493, 36
6172, 36
4969, 36
701, 36
3350, 36
8928, 36
5981, 36
2178, 36
3364, 36
6281, 36
736, 36
2670, 36
8865, 36
5117, 36
2402, 36
9562, 36
5956, 36
9568, 36
6447, 36
782, 36
6458, 36
8825, 36
2928, 36
5653, 36
6962, 36
9199, 36
8483, 36
3105, 36
9736, 36
7040, 36
1934, 36
3676, 36
8420, 36
8419, 36
8409, 36
154, 36
8432, 36
2930, 36
7088, 36
2946, 36
4414, 36
140, 36
432, 36
2979, 36
1815, 36
460, 36
4370, 36
7297, 36
7303, 36
8296, 36
8643, 36
5245, 36
4583, 36
9687, 36
2065, 36
2057, 36
5248, 36
5765, 36
5707, 36
8624, 36
6869, 36
5704, 36
6809, 36
9440, 36
6941, 36
5295, 36
9296, 35
9485, 35
5001, 35
5095, 35
5437, 35
5383, 35
7797, 35
8101, 35
7812, 35
5222, 35
5994, 35
5234, 35
9522, 35
9128, 35
7902, 35
9035, 35
5072, 35
5221, 35
6012, 35
9107, 35
5297, 35
5654, 35
5310, 35
5899, 35
5893, 35
5323, 35
5926, 35
5619, 35
5944, 35
5947, 35
9083, 35
5355, 35
9955, 35
5599, 35
5595, 35
5330, 35
9429, 35
5251, 35
5337, 35
5344, 35
9931, 35
8086, 35
5973, 35
9695, 35
6969, 35
6958, 35
4518, 35
4520, 35
6947, 35
4525, 35
9704, 35
6868, 35
4272, 35
8457, 35
4267, 35
6833, 35
4585, 35
4605, 35
6787, 35
9658, 35
4626, 35
8205, 35
6723, 35
4432, 35
7337, 35
7335, 35
7311, 35
7273, 35
8368, 35
7156, 35
4318, 35
7109, 35
4430, 35
7593, 35
4307, 35
7411, 35
7412, 35
7456, 35
8421, 35
7037, 35
8448, 35
7022, 35
4956, 35
6403, 35
8163, 35
6326, 35
4913, 35
8897, 35
8902, 35
8923, 35
6238, 35
4950, 35
6496, 35
8933, 35
4976, 35
6169, 35
8115, 35
6152, 35
6150, 35
6132, 35
8975, 35
4212, 35
6702, 35
4643, 35
4660, 35
6654, 35
7628, 35
7632, 35
9618, 35
8742, 35
4717, 35
6097, 35
6582, 35
7656, 35
6567, 35
4757, 35
4767, 35
4772, 35
6521, 35
9595, 35
2211, 35
1883, 35
226, 35
1886, 35
1080, 35
1933, 35
1983, 35
1071, 35
195, 35
412, 35
2012, 35
423, 35
1850, 35
142, 35
2215, 35
2243, 35
138, 35
2266, 35
3396, 35
472, 35
3755, 35
3756, 35
863, 35
3772, 35
1650, 35
3908, 35
1413, 35
3609, 35
3593, 35
1478, 35
1498, 35
1559, 35
1600, 35
3649, 35
382, 35
3535, 35
1010, 35
1674, 35
1677, 35
3513, 35
1181, 35
3929, 35
3677, 35
1133, 35
1122, 35
1805, 35
1112, 35
2921, 35
3315, 35
743, 35
75, 35
2719, 35
58, 35
2785, 35
2870, 35
3856, 35
665, 35
2414, 35
3251, 35
3978, 35
645, 35
2992, 35
633, 35
3065, 35
557, 35
607, 35
574, 35
763, 35
3782, 35
813, 35
2494, 35
481, 35
773, 35
2590, 35
2640, 35
875, 34
847, 34
1402, 34
9110, 34
4468, 34
636, 34
4550, 34
1217, 34
603, 34
9065, 34
4225, 34
8083, 34
8737, 34
1267, 34
1394, 34
8068, 34
4507, 34
4508, 34
8590, 34
4224, 34
4548, 34
8638, 34
1289, 34
8033, 34
9075, 34
3634, 34
7989, 34
1391, 34
698, 34
8403, 34
4410, 34
8489, 34
4415, 34
8359, 34
3711, 34
8358, 34
749, 34
4422, 34
4369, 34
8528, 34
943, 34
4260, 34
3699, 34
8937, 34
3663, 34
4253, 34
4435, 34
4440, 34
682, 34
8277, 34
4444, 34
677, 34
8563, 34
8226, 34
8791, 34
8208, 34
3672, 34
3547, 34
9017, 34
6411, 34
2697, 34
6021, 34
2548, 34
2542, 34
2519, 34
4967, 34
6232, 34
6331, 34
2408, 34
2398, 34
2385, 34
2708, 34
2353, 34
6465, 34
6479, 34
6489, 34
6576, 34
6606, 34
4850, 34
2194, 34
6671, 34
2162, 34
5459, 34
5226, 34
3211, 34
5239, 34
5167, 34
5302, 34
3115, 34
5346, 34
5396, 34
5431, 34
3244, 34
2157, 34
2972, 34
2970, 34
2914, 34
5094, 34
5631, 34
5074, 34
5747, 34
5833, 34
3300, 34
2740, 34
3565, 34
7420, 34
4682, 34
7449, 34
1655, 34
7548, 34
7562, 34
1618, 34
3991, 34
1585, 34
1581, 34
1569, 34
1723, 34
1492, 34
3579, 34
7764, 34
3586, 34
1465, 34
1456, 34
1455, 34
1440, 34
4565, 34
7873, 34
7000, 34
2153, 34
6735, 34
6755, 34
2107, 34
2055, 34
4795, 34
2024, 34
6955, 34
2001, 34
1996, 34
7874, 34
7082, 34
7127, 34
7165, 34
7183, 34
1845, 34
1835, 34
4712, 34
1775, 34
1741, 34
4690, 34
404, 34
237, 34
9794, 34
9746, 34
9377, 34
160, 34
9355, 34
9514, 34
3877, 34
9861, 34
139, 34
32, 34
230, 34
172, 34
9526, 34
370, 34
9458, 34
454, 34
168, 34
9144, 34
9459, 34
9249, 34
3981, 34
28, 34
232, 34
3951, 34
4205, 34
281, 34
9397, 34
3934, 34
7041, 33
1160, 33
2903, 33
7053, 33
8244, 33
1178, 33
381, 33
5667, 33
5781, 33
40, 33
2827, 33
9651, 33
9785, 33
9913, 33
4485, 33
8120, 33
9418, 33
9915, 33
3470, 33
1891, 33
7099, 33
216, 33
9420, 33
6347, 33
3884, 33
5566, 33
6421, 33
2374, 33
6416, 33
972, 33
5512, 33
5535, 33
3731, 33
3729, 33
6407, 33
4394, 33
3728, 33
8422, 33
3444, 33
1014, 33
1023, 33
7034, 33
5569, 33
2025, 33
3709, 33
9929, 33
9379, 33
203, 33
8316, 33
1082, 33
4926, 33
5602, 33
7018, 33
9395, 33
8276, 33
5089, 33
1948, 33
9846, 33
2615, 33
3915, 33
3566, 33
2636, 33
7370, 33
1502, 33
7728, 33
2683, 33
6057, 33
331, 33
7762, 33
1753, 33
6235, 33
7805, 33
9495, 33
7813, 33
5912, 33
7533, 33
4093, 33
6176, 33
2523, 33
7504, 33
6168, 33
7510, 33
6157, 33
2541, 33
4569, 33
7537, 33
296, 33
4680, 33
9553, 33
2560, 33
6079, 33
7610, 33
3399, 33
5807, 33
5806, 33
1846, 33
2451, 33
7174, 33
2440, 33
8027, 33
4078, 33
2787, 33
2800, 33
8057, 33
7154, 33
3890, 33
7146, 33
2420, 33
8076, 33
9460, 33
73, 33
7857, 33
4714, 33
9475, 33
357, 33
2754, 33
5862, 33
1832, 33
5756, 33
4127, 33
7905, 33
1368, 33
7200, 33
7967, 33
6299, 33
1333, 33
669, 33
9044, 33
4304, 33
3081, 33
6757, 33
5133, 33
639, 33
530, 33
646, 33
9741, 33
2218, 33
6618, 33
9188, 33
5236, 33
666, 33
8632, 33
3071, 33
8876, 33
4000, 33
8980, 33
4862, 33
8652, 33
3214, 33
8722, 33
733, 33
5411, 33
3149, 33
3151, 33
3405, 33
2341, 33
8699, 33
790, 33
5195, 33
5339, 33
462, 33
2280, 33
8775, 33
9046, 33
2124, 33
4301, 33
4188, 33
5342, 33
802, 33
4355, 33
6540, 33
9987, 33
5298, 33
9762, 33
2197, 33
5287, 32
4523, 32
8812, 32
5301, 32
8908, 32
723, 32
7265, 32
1852, 32
8835, 32
8917, 32
4194, 32
4711, 32
3303, 32
136, 32
7839, 32
8797, 32
2482, 32
4668, 32
5813, 32
7961, 32
3347, 32
5166, 32
4189, 32
4274, 32
7936, 32
7934, 32
4891, 32
1375, 32
7925, 32
8828, 32
2217, 32
1393, 32
3809, 32
4726, 32
784, 32
4861, 32
3131, 32
7250, 32
6292, 32
9578, 32
2601, 32
315, 32
1589, 32
9043, 32
7621, 32
7414, 32
7423, 32
7565, 32
5218, 32
7561, 32
2518, 32
1625, 32
7427, 32
9167, 32
249, 32
4674, 32
619, 32
6522, 32
7435, 32
5205, 32
2527, 32
273, 32
2298, 32
4672, 32
7475, 32
3849, 32
1700, 32
7453, 32
2105, 32
4246, 32
7285, 32
5915, 32
3219, 32
3216, 32
684, 32
7804, 32
2709, 32
5249, 32
6516, 32
1469, 32
7329, 32
7338, 32
4592, 32
2696, 32
1449, 32
7350, 32
675, 32
2244, 32
2669, 32
6004, 32
1524, 32
7694, 32
242, 32
137, 32
7676, 32
7381, 32
9039, 32
2626, 32
8323, 32
4411, 32
9718, 32
1047, 32
3028, 32
1052, 32
3878, 32
3712, 32
910, 32
176, 32
4161, 32
908, 32
1998, 32
8631, 32
4793, 32
8634, 32
6734, 32
6330, 32
4331, 32
4152, 32
5092, 32
5611, 32
5090, 32
879, 32
8683, 32
390, 32
389, 32
8460, 32
8519, 32
953, 32
2109, 32
5475, 32
8507, 32
3961, 32
964, 32
5474, 32
9304, 32
2359, 32
2378, 32
8467, 32
5124, 32
4927, 32
8453, 32
994, 32
6780, 32
5536, 32
5464, 32
6889, 32
9948, 32
1007, 32
466, 32
2133, 32
5557, 32
6401, 32
4296, 32
8107, 32
2845, 32
5639, 32
834, 32
8165, 32
8179, 32
8089, 32
5077, 32
8770, 32
6673, 32
9438, 32
8065, 32
5622, 32
5321, 32
2186, 32
3272, 32
6463, 32
4934, 32
1288, 32
4766, 32
8794, 32
3076, 32
8191, 32
1179, 32
4743, 32
8711, 32
6464, 32
2513, 31
6404, 31
3956, 31
265, 31
1888, 31
3511, 31
3475, 31
3446, 31
6882, 31
4741, 31
2264, 31
7153, 31
4931, 31
7899, 31
1707, 31
2111, 31
7436, 31
4940, 31
4042, 31
4062, 31
3512, 31
6651, 31
2315, 31
7134, 31
2122, 31
4076, 31
4675, 31
7120, 31
9813, 31
2160, 31
7358, 31
3411, 31
120, 31
6751, 31
7264, 31
6728, 31
2156, 31
7028, 31
3946, 31
1771, 31
6286, 31
4048, 31
4708, 31
6691, 31
1949, 31
157, 31
2342, 31
6708, 31
2172, 31
6592, 31
2226, 31
2137, 31
2189, 31
2139, 31
7407, 31
4949, 31
4842, 31
4060, 31
3509, 31
2495, 31
6659, 31
1900, 31
7232, 31
3369, 31
4951, 31
1817, 31
2396, 31
1750, 31
1901, 31
9678, 31
8429, 31
5582, 31
1064, 31
5577, 31
9374, 31
8374, 31
9325, 31
3875, 31
9324, 31
5556, 31
8427, 31
8320, 31
1001, 31
976, 31
5505, 31
962, 31
5498, 31
8512, 31
3740, 31
2986, 31
9298, 31
4366, 31
4461, 31
2859, 31
3648, 31
2871, 31
5659, 31
4142, 31
1210, 31
2887, 31
1201, 31
1189, 31
8193, 31
3002, 31
5620, 31
8230, 31
8240, 31
8251, 31
5615, 31
8283, 31
31, 31
8310, 31
9927, 31
3695, 31
5246, 31
3120, 31
5163, 31
750, 31
4191, 31
3129, 31
8888, 31
9228, 31
5254, 31
697, 31
519, 31
9969, 31
3, 31
648, 31
3180, 31
3185, 31
5213, 31
5209, 31
3843, 31
3192, 31
9142, 31
577, 31
3869, 31
934, 31
8566, 31
4350, 31
8595, 31
473, 31
3759, 31
8636, 31
9253, 31
5426, 31
856, 31
5088, 31
8694, 31
9242, 31
5143, 31
8716, 31
8721, 31
9967, 31
8748, 31
5374, 31
8754, 31
5905, 31
9851, 31
7771, 31
5019, 31
4114, 31
7789, 31
9503, 31
3588, 31
7814, 31
5953, 31
9467, 31
7876, 31
3605, 31
3906, 31
9874, 31
9457, 31
1383, 31
3299, 31
1602, 31
7457, 31
1687, 31
3923, 31
1632, 31
95, 31
9830, 31
7550, 31
4985, 31
8105, 31
301, 31
6069, 31
7659, 31
1558, 31
1537, 31
80, 31
5995, 31
2844, 31
1309, 31
3630, 31
1304, 31
1315, 31
9907, 31
1286, 31
7957, 31
5795, 31
1295, 31
1259, 31
8043, 31
1250, 31
9444, 31
3096, 30
5391, 30
3123, 30
2635, 30
3331, 30
9810, 30
5159, 30
2335, 30
9985, 30
6358, 30
131, 30
6216, 30
1, 30
4895, 30
9790, 30
2520, 30
2528, 30
6341, 30
4937, 30
3283, 30
5227, 30
5760, 30
4984, 30
3288, 30
6109, 30
5773, 30
2561, 30
3395, 30
2511, 30
5056, 30
6353, 30
6500, 30
5293, 30
3226, 30
6055, 30
5549, 30
9944, 30
6422, 30
6272, 30
5873, 30
2915, 30
3349, 30
5865, 30
5035, 30
6293, 30
5470, 30
6405, 30
2761, 30
5038, 30
5839, 30
567, 30
2392, 30
5562, 30
6397, 30
5576, 30
6360, 30
104, 30
2674, 30
6400, 30
5789, 30
5142, 30
5404, 30
5415, 30
4036, 30
5429, 30
17, 30
5796, 30
5135, 30
9773, 30
6250, 30
2713, 30
3024, 30
9952, 30
5889, 30
6264, 30
8353, 30
1661, 30
7516, 30
9435, 30
9565, 30
9378, 30
7559, 30
4502, 30
1065, 30
7594, 30
7509, 30
4629, 30
8656, 30
1037, 30
1591, 30
7642, 30
888, 30
1033, 30
3557, 30
825, 30
801, 30
8108, 30
4293, 30
7314, 30
7324, 30
1734, 30
815, 30
821, 30
245, 30
4339, 30
8759, 30
1263, 30
483, 30
8752, 30
8741, 30
4156, 30
7505, 30
1663, 30
7891, 30
7772, 30
1464, 30
8518, 30
7811, 30
337, 30
9478, 30
4880, 30
4385, 30
1435, 30
7943, 30
7852, 30
7853, 30
4120, 30
7875, 30
4558, 30
961, 30
7883, 30
8491, 30
8591, 30
8388, 30
4106, 30
3639, 30
8396, 30
8593, 30
8028, 30
8415, 30
1504, 30
1792, 30
8024, 30
8431, 30
999, 30
1482, 30
7748, 30
9297, 30
1345, 30
8532, 30
4250, 30
638, 30
9411, 30
6802, 30
6811, 30
523, 30
2089, 30
8986, 30
8144, 30
8968, 30
9735, 30
9209, 30
6894, 30
685, 30
1226, 30
696, 30
8818, 30
3820, 30
6951, 30
537, 30
612, 30
614, 30
6549, 30
4875, 30
559, 30
3403, 30
3852, 30
6610, 30
6636, 30
8262, 30
6643, 30
9744, 30
4055, 30
6689, 30
637, 30
6697, 30
1202, 30
4832, 30
7256, 30
231, 30
3864, 30
7214, 30
1849, 30
8863, 30
7167, 30
3684, 30
1863, 30
487, 30
7150, 30
734, 30
768, 30
3477, 30
9645, 30
1884, 30
7111, 30
182, 30
7252, 30
6978, 30
6983, 30
4140, 30
8119, 30
8887, 30
211, 30
1917, 30
7247, 30
742, 30
4755, 30
9422, 29
1107, 29
5610, 29
2959, 29
9893, 29
8306, 29
8269, 29
8201, 29
1072, 29
987, 29
399, 29
5614, 29
9399, 29
1046, 29
8264, 29
5288, 29
480, 29
5386, 29
8758, 29
8773, 29
9236, 29
8796, 29
8819, 29
756, 29
6, 29
8886, 29
5289, 29
8731, 29
5259, 29
9215, 29
3153, 29
9195, 29
5243, 29
3172, 29
9998, 29
2, 29
534, 29
9053, 29
3023, 29
9941, 29
8511, 29
5491, 29
2987, 29
949, 29
8535, 29
8551, 29
938, 29
8569, 29
8586, 29
3016, 29
8495, 29
5440, 29
8596, 29
9256, 29
894, 29
8653, 29
885, 29
873, 29
478, 29
845, 29
5399, 29
2499, 29
1925, 29
7062, 29
7155, 29
2423, 29
6309, 29
9639, 29
1842, 29
6295, 29
7233, 29
7275, 29
9631, 29
2477, 29
7302, 29
7363, 29
9671, 29
1726, 29
2510, 29
7422, 29
9594, 29
7425, 29
9591, 29
1697, 29
1689, 29
7476, 29
271, 29
7541, 29
2551, 29
1619, 29
1607, 29
6841, 29
6527, 29
2310, 29
6566, 29
6602, 29
6484, 29
6642, 29
6656, 29
6692, 29
6459, 29
2112, 29
6437, 29
2373, 29
6420, 29
6835, 29
298, 29
2046, 29
6877, 29
6883, 29
6891, 29
2020, 29
122, 29
6927, 29
2387, 29
175, 29
6383, 29
2393, 29
6985, 29
6988, 29
1264, 29
1395, 29
1343, 29
7988, 29
9452, 29
1317, 29
368, 29
5787, 29
8050, 29
9442, 29
2807, 29
2811, 29
8061, 29
1272, 29
5759, 29
7889, 29
2820, 29
1257, 29
2835, 29
8110, 29
5702, 29
8114, 29
2862, 29
8139, 29
1228, 29
8162, 29
5647, 29
8172, 29
8184, 29
9515, 29
9832, 29
1597, 29
6060, 29
1583, 29
316, 29
84, 29
2633, 29
1560, 29
1541, 29
7707, 29
2639, 29
7713, 29
2663, 29
2667, 29
5628, 29
1491, 29
5958, 29
2685, 29
7752, 29
9508, 29
9507, 29
76, 29
1462, 29
340, 29
5898, 29
2732, 29
7880, 29
7885, 29
3612, 29
5170, 29
3801, 29
4059, 29
4235, 29
3779, 29
4560, 29
4313, 29
5151, 29
3846, 29
3847, 29
3770, 29
4993, 29
3386, 29
3504, 29
5179, 29
4010, 29
3233, 29
4211, 29
4195, 29
3281, 29
4196, 29
3250, 29
4889, 29
4878, 29
4494, 29
3514, 29
3995, 29
3472, 29
4938, 29
5029, 29
3229, 29
3479, 29
5031, 29
3243, 29
4071, 29
3717, 29
3343, 29
5144, 29
2907, 28
4893, 28
3688, 28
3659, 28
5546, 28
9369, 28
8175, 28
9454, 28
4886, 28
6371, 28
8190, 28
3686, 28
1144, 28
8215, 28
1159, 28
1164, 28
3385, 28
9436, 28
1335, 28
4905, 28
3379, 28
5554, 28
3681, 28
374, 28
4917, 28
5585, 28
8206, 28
4448, 28
8192, 28
3894, 28
5138, 28
3011, 28
6682, 28
7823, 28
7817, 28
7798, 28
4085, 28
236, 28
6716, 28
7750, 28
4598, 28
5127, 28
6739, 28
6741, 28
6745, 28
6746, 28
4607, 28
6769, 28
205, 28
6791, 28
5397, 28
4860, 28
2279, 28
4873, 28
2257, 28
3401, 28
1311, 28
9539, 28
5490, 28
7997, 28
8361, 28
3920, 28
6519, 28
7959, 28
6616, 28
1385, 28
3246, 28
4556, 28
5468, 28
4566, 28
7854, 28
9593, 28
3768, 28
5934, 28
2786, 28
8838, 28
2788, 28
3316, 28
8789, 28
5798, 28
8738, 28
615, 28
5763, 28
8862, 28
2600, 28
2594, 28
8644, 28
2585, 28
8626, 28
2581, 28
2578, 28
2571, 28
2828, 28
5735, 28
8990, 28
688, 28
687, 28
8950, 28
691, 28
5870, 28
2749, 28
8979, 28
5879, 28
674, 28
8942, 28
6104, 28
2739, 28
5836, 28
5907, 28
4264, 28
9008, 28
3812, 28
9011, 28
2712, 28
2710, 28
7158, 28
6277, 28
6279, 28
468, 28
9274, 28
2457, 28
2456, 28
9278, 28
6284, 28
461, 28
8364, 28
1036, 28
6302, 28
2444, 28
1073, 28
5626, 28
6336, 28
9333, 28
4431, 28
4433, 28
2410, 28
5607, 28
5694, 28
5730, 28
4349, 28
542, 28
2550, 28
4358, 28
3750, 28
3749, 28
8553, 28
960, 28
8503, 28
8285, 28
8485, 28
8475, 28
3862, 28
993, 28
2497, 28
3733, 28
9255, 28
2484, 28
2476, 28
9782, 28
4804, 28
7084, 28
1676, 28
6928, 28
61, 28
1733, 28
6933, 28
3168, 28
6937, 28
4054, 28
1895, 28
1763, 28
3456, 28
1780, 28
7313, 28
3173, 28
7470, 28
1823, 28
3942, 28
9872, 28
7287, 28
7286, 28
9763, 28
4641, 28
3448, 28
3505, 28
1624, 28
9859, 28
2043, 28
7239, 28
6878, 28
3162, 28
148, 28
117, 28
7295, 28
1739, 28
4719, 28
7083, 28
7431, 28
4808, 28
3206, 28
7463, 28
4683, 28
1990, 28
7450, 28
4702, 28
7, 28
3985, 28
1947, 28
7151, 28
4704, 28
5313, 28
7026, 28
7327, 28
6956, 28
3481, 28
3056, 28
5268, 28
3064, 28
9885, 28
6942, 28
59, 28
5267, 28
7216, 28
7634, 28
7220, 28
1720, 28
4657, 28
7122, 28
4025, 28
9963, 28
5273, 27
5685, 27
4393, 27
4697, 27
9870, 27
920, 27
7357, 27
2488, 27
4386, 27
489, 27
992, 27
6244, 27
6262, 27
9887, 27
7353, 27
1991, 27
6329, 27
8331, 27
5084, 27
1077, 27
8321, 27
3455, 27
9336, 27
1086, 27
8337, 27
1092, 27
8292, 27
4441, 27
6959, 27
4785, 27
8265, 27
6372, 27
7361, 27
5161, 27
8348, 27
2445, 27
1063, 27
1062, 27
6301, 27
6298, 27
6296, 27
5165, 27
1054, 27
1747, 27
9856, 27
3718, 27
4175, 27
7362, 27
4303, 27
730, 27
5921, 27
4752, 27
9964, 27
8843, 27
8832, 27
5951, 27
3792, 27
2794, 27
2722, 27
5788, 27
5993, 27
8760, 27
9057, 27
4310, 27
7091, 27
6007, 27
2632, 27
4997, 27
4256, 27
5866, 27
8958, 27
8959, 27
8965, 27
9995, 27
3986, 27
5851, 27
5847, 27
7180, 27
3774, 27
1839, 27
7125, 27
7207, 27
2735, 27
3302, 27
5903, 27
5829, 27
8899, 27
6151, 27
7051, 27
4344, 27
4210, 27
1783, 27
912, 27
41, 27
1562, 27
7300, 27
8572, 27
7290, 27
520, 27
4197, 27
9201, 27
5269, 27
8506, 27
9205, 27
2857, 27
2517, 27
6185, 27
3850, 27
850, 27
613, 27
2808, 27
872, 27
3213, 27
881, 27
6054, 27
7074, 27
6059, 27
5690, 27
7283, 27
6074, 27
9126, 27
3463, 27
904, 27
8622, 27
572, 27
9136, 27
9504, 27
6899, 27
1651, 27
5114, 27
2175, 27
4589, 27
4874, 27
2288, 27
329, 27
2072, 27
4505, 27
4503, 27
4791, 27
6715, 27
7608, 27
5520, 27
7794, 27
2957, 27
9500, 27
7503, 27
9646, 27
4491, 27
7741, 27
2088, 27
4623, 27
6750, 27
1231, 27
5109, 27
7715, 27
8138, 27
2141, 27
7973, 27
5150, 27
7867, 27
4636, 27
4557, 27
1405, 27
163, 27
9752, 27
9731, 27
5363, 27
1357, 27
3247, 27
4642, 27
5482, 27
4843, 27
5318, 27
7974, 27
6672, 27
6879, 27
4841, 27
3248, 27
2985, 27
7583, 27
7591, 27
7820, 27
8005, 27
4063, 27
7528, 27
9713, 27
4584, 27
7472, 27
7452, 27
361, 27
3261, 27
1693, 27
5555, 27
107, 27
5392, 27
8239, 27
1173, 27
7677, 27
9805, 27
2126, 27
9433, 27
5100, 27
2013, 27
8222, 27
102, 27
1576, 27
5406, 27
6439, 27
2365, 27
3107, 27
6436, 27
3041, 27
7670, 27
354, 27
2395, 27
6468, 27
7675, 27
3237, 27
5338, 27
2136, 27
9391, 27
8257, 27
9383, 27
4450, 27
6460, 27
7663, 26
8946, 26
965, 26
4312, 26
1463, 26
2069, 26
3430, 26
8750, 26
8672, 26
8702, 26
8947, 26
6019, 26
1424, 26
2123, 26
8948, 26
1572, 26
866, 26
8708, 26
8692, 26
2619, 26
6786, 26
1899, 26
3787, 26
1436, 26
1858, 26
7754, 26
1824, 26
4278, 26
6717, 26
4760, 26
4276, 26
7227, 26
8858, 26
3489, 26
1477, 26
3473, 26
2171, 26
699, 26
4608, 26
7612, 26
1486, 26
6808, 26
6823, 26
6743, 26
2737, 26
1580, 26
8922, 26
7096, 26
7784, 26
7774, 26
819, 26
7095, 26
4255, 26
5986, 26
8918, 26
5982, 26
8778, 26
8779, 26
7171, 26
8782, 26
6777, 26
1851, 26
3791, 26
1475, 26
5968, 26
7101, 26
804, 26
8807, 26
8426, 26
1673, 26
7491, 26
8159, 26
6918, 26
8155, 26
3653, 26
6494, 26
2327, 26
3721, 26
1009, 26
4958, 26
1233, 26
4413, 26
6514, 26
1966, 26
8106, 26
2492, 26
6225, 26
8095, 26
2302, 26
4495, 26
8452, 26
6212, 26
8461, 26
6204, 26
8328, 26
4447, 26
6957, 26
3368, 26
6381, 26
2391, 26
6396, 26
3691, 26
8319, 26
6415, 26
1716, 26
6417, 26
2368, 26
8472, 26
1692, 26
2431, 26
3697, 26
8347, 26
2361, 26
4779, 26
2016, 26
8360, 26
7372, 26
4469, 26
4695, 26
6885, 26
6131, 26
7307, 26
8008, 26
7520, 26
2555, 26
6118, 26
8589, 26
3752, 26
2246, 26
8614, 26
7535, 26
7296, 26
4522, 26
3461, 26
7546, 26
3621, 26
4863, 26
7061, 26
7933, 26
7898, 26
1908, 26
1799, 26
6653, 26
6655, 26
4995, 26
3743, 26
8479, 26
4879, 26
8482, 26
3737, 26
8080, 26
8073, 26
1280, 26
1283, 26
7320, 26
2524, 26
8049, 26
2286, 26
4328, 26
8523, 26
3530, 26
950, 26
4365, 26
8534, 26
944, 26
8030, 26
7508, 26
6143, 26
6142, 26
8025, 26
338, 26
5154, 26
318, 26
319, 26
2963, 26
119, 26
2879, 26
9513, 26
5076, 26
9074, 26
3932, 26
5525, 26
5042, 26
3133, 26
475, 26
9018, 26
2783, 26
9481, 26
5430, 26
9013, 26
2840, 26
9290, 26
223, 26
3939, 26
3160, 26
9772, 26
3108, 26
492, 26
9226, 26
2864, 26
272, 26
3004, 26
4097, 26
2868, 26
5678, 26
9564, 26
5300, 26
9038, 26
5799, 26
339, 26
9037, 26
9603, 26
5329, 26
642, 26
9854, 26
9204, 26
2981, 26
4104, 26
9252, 26
250, 26
4018, 26
2832, 26
3983, 26
4215, 26
8997, 26
383, 26
4143, 26
9755, 26
9314, 26
2777, 26
194, 26
5837, 26
9170, 26
5733, 26
9406, 26
3996, 26
9127, 26
9700, 26
5388, 26
9993, 26
411, 26
680, 26
413, 26
9760, 26
2780, 26
9307, 26
3896, 26
9670, 26
932, 25
2187, 25
3060, 25
903, 25
4376, 25
3431, 25
7651, 25
8580, 25
9667, 25
7653, 25
4373, 25
1461, 25
1442, 25
9665, 25
8559, 25
8498, 25
6180, 25
7637, 25
266, 25
2588, 25
4823, 25
3925, 25
7635, 25
6192, 25
7698, 25
1531, 25
1543, 25
7758, 25
206, 25
8548, 25
915, 25
4815, 25
5436, 25
7686, 25
7751, 25
3581, 25
243, 25
5706, 25
6077, 25
6093, 25
7743, 25
6140, 25
4599, 25
244, 25
3053, 25
4979, 25
9692, 25
7664, 25
2564, 25
4586, 25
3021, 25
1571, 25
6722, 25
6305, 25
2428, 25
2432, 25
9313, 25
5629, 25
6450, 25
8199, 25
1185, 25
3390, 25
8181, 25
2448, 25
6431, 25
3661, 25
9310, 25
4130, 25
6471, 25
1209, 25
2939, 25
1058, 25
8164, 25
6288, 25
438, 25
9367, 25
415, 25
8263, 25
9388, 25
1103, 25
4154, 25
6388, 25
2926, 25
431, 25
1214, 25
5087, 25
2416, 25
8324, 25
5575, 25
1155, 25
3383, 25
8326, 25
446, 25
8218, 25
990, 25
6569, 25
314, 25
4962, 25
1319, 25
2496, 25
1346, 25
6609, 25
9559, 25
7956, 25
5668, 25
6614, 25
7937, 25
6210, 25
2219, 25
6632, 25
6201, 25
2999, 25
7893, 25
6196, 25
5523, 25
2943, 25
2947, 25
1224, 25
6503, 25
6278, 25
6507, 25
8386, 25
1252, 25
8394, 25
3607, 25
4403, 25
6258, 25
8054, 25
8051, 25
1004, 25
5663, 25
8031, 25
2271, 25
2491, 25
3179, 25
24, 25
2727, 25
625, 25
8730, 25
4013, 25
6821, 25
7374, 25
8717, 25
8914, 25
2778, 25
3126, 25
9792, 25
6924, 25
2022, 25
8903, 25
18, 25
7502, 25
2625, 25
4656, 25
5347, 25
5804, 25
4792, 25
1890, 25
5192, 25
124, 25
5352, 25
6897, 25
6034, 25
9085, 25
3113, 25
5308, 25
5792, 25
9835, 25
9042, 25
4236, 25
7413, 25
5989, 25
5048, 25
4028, 25
7272, 25
3837, 25
4231, 25
92, 25
8885, 25
8798, 25
3454, 25
8756, 25
3814, 25
1804, 25
7399, 25
732, 25
1728, 25
7257, 25
96, 25
9938, 25
5024, 25
8740, 25
3491, 25
628, 25
3503, 25
6870, 25
2815, 25
2687, 25
1752, 25
2051, 25
5015, 25
42, 25
1608, 25
7312, 25
2063, 25
4992, 25
4634, 25
5952, 25
9030, 25
9727, 25
7208, 25
8972, 25
5850, 25
8649, 25
8648, 25
4239, 25
5380, 25
1772, 25
4067, 25
7321, 25
5854, 25
7024, 25
4281, 25
3194, 25
4740, 25
5045, 25
5962, 25
3798, 25
8936, 25
69, 25
3084, 25
7135, 25
7184, 25
7139, 25
757, 25
867, 25
3483, 25
2607, 25
8803, 25
5890, 25
1866, 25
7524, 25
9095, 25
5808, 25
5764, 25
610, 25
6534, 24
9489, 24
48, 24
2330, 24
4898, 24
7059, 24
5516, 24
335, 24
3641, 24
7304, 24
2950, 24
2953, 24
5262, 24
9933, 24
1931, 24
4480, 24
37, 24
9908, 24
2313, 24
7047, 24
1785, 24
1139, 24
9413, 24
9975, 24
4729, 24
7196, 24
4912, 24
2931, 24
5, 24
8241, 24
2382, 24
398, 24
1857, 24
8247, 24
1156, 24
8253, 24
1135, 24
7149, 24
1130, 24
6382, 24
6377, 24
1859, 24
6375, 24
1862, 24
9380, 24
3879, 24
3196, 24
5188, 24
7064, 24
1915, 24
6486, 24
1211, 24
2334, 24
6478, 24
6474, 24
1197, 24
3492, 24
7086, 24
292, 24
1898, 24
5182, 24
367, 24
7240, 24
8207, 24
5564, 24
1168, 24
9428, 24
385, 24
7113, 24
7213, 24
9968, 24
2372, 24
1493, 24
6762, 24
7705, 24
1511, 24
2037, 24
7714, 24
1508, 24
2035, 24
2034, 24
6893, 24
4794, 24
3576, 24
7733, 24
1497, 24
3940, 24
3030, 24
6727, 24
3533, 24
3532, 24
9644, 24
1665, 24
1666, 24
7767, 24
1473, 24
7783, 24
5340, 24
7786, 24
1577, 24
9707, 24
4807, 24
6819, 24
7629, 24
7620, 24
1596, 24
5384, 24
9703, 24
7611, 24
4630, 24
2106, 24
6839, 24
4633, 24
9796, 24
190, 24
1570, 24
193, 24
6849, 24
7575, 24
4612, 24
2040, 24
4068, 24
7683, 24
8951, 24
2131, 24
3039, 24
5489, 24
7909, 24
6624, 24
7408, 24
7954, 24
4778, 24
1981, 24
7382, 24
1354, 24
1353, 24
2232, 24
9552, 24
1337, 24
6591, 24
4545, 24
3225, 24
9865, 24
4519, 24
8029, 24
3252, 24
4511, 24
1285, 24
7020, 24
8052, 24
8056, 24
5111, 24
57, 24
7844, 24
7801, 24
9802, 24
2015, 24
9807, 24
4574, 24
9601, 24
6681, 24
100, 24
5129, 24
5456, 24
5457, 24
6668, 24
3524, 24
1276, 24
6665, 24
1702, 24
5463, 24
3519, 24
7868, 24
5125, 24
2200, 24
4849, 24
4851, 24
7441, 24
4679, 24
4546, 24
6014, 24
929, 24
543, 24
8443, 24
4228, 24
9161, 24
4353, 24
9070, 24
451, 24
2446, 24
457, 24
3716, 24
620, 24
3320, 24
4412, 24
8438, 24
3842, 24
3793, 24
6148, 24
3811, 24
650, 24
5945, 24
9189, 24
2441, 24
9312, 24
2546, 24
6101, 24
539, 24
6228, 24
4295, 24
996, 24
8776, 24
4944, 24
5985, 24
3762, 24
4989, 24
2612, 24
2467, 24
5758, 24
883, 24
6076, 24
4399, 24
9116, 24
5745, 24
4404, 24
9120, 24
9121, 24
6071, 24
3324, 24
8647, 24
3726, 24
9129, 24
2568, 24
8707, 24
5648, 24
2623, 24
848, 24
2806, 24
3845, 24
2885, 24
5009, 24
4321, 24
6089, 24
5744, 24
6086, 24
902, 24
1029, 24
5665, 24
3821, 24
2419, 24
5881, 24
8939, 24
991, 24
6356, 24
2850, 24
2515, 24
2779, 24
6162, 24
3735, 24
4241, 24
3365, 24
8912, 24
9331, 24
427, 24
5888, 24
8314, 24
5834, 24
8313, 24
5093, 24
4374, 24
2733, 24
8929, 24
704, 24
9206, 24
8462, 24
4248, 24
8854, 24
8852, 24
5935, 24
5034, 24
654, 24
3860, 24
8864, 24
8478, 24
5852, 24
6187, 24
9009, 24
2531, 24
9002, 24
5705, 24
5876, 24
8883, 24
4812, 23
4379, 23
3013, 23
5683, 23
6078, 23
6199, 23
2863, 23
1401, 23
3550, 23
7625, 23
2199, 23
5743, 23
7633, 23
5063, 23
1441, 23
186, 23
7638, 23
4571, 23
6085, 23
6810, 23
3000, 23
4363, 23
5419, 23
4835, 23
6749, 23
2147, 23
9616, 23
3033, 23
6033, 23
2837, 23
7768, 23
921, 23
1495, 23
4826, 23
3026, 23
6139, 23
5427, 23
5714, 23
9642, 23
6146, 23
4200, 23
3022, 23
5699, 23
258, 23
3329, 23
4988, 23
9690, 23
9198, 23
560, 23
6163, 23
6106, 23
3059, 23
3429, 23
5140, 23
9609, 23
4208, 23
548, 23
7700, 23
6120, 23
4820, 23
1941, 23
1809, 23
3493, 23
9937, 23
5183, 23
3977, 23
1796, 23
5021, 23
9924, 23
7056, 23
9910, 23
4240, 23
1781, 23
7245, 23
7322, 23
2695, 23
5275, 23
1761, 23
9876, 23
7354, 23
1970, 23
799, 23
5969, 23
5296, 23
77, 23
3997, 23
8953, 23
1864, 23
5855, 23
5200, 23
9991, 23
694, 23
7148, 23
7147, 23
5878, 23
10, 23
9980, 23
9971, 23
1730, 23
3998, 23
4754, 23
1887, 23
7115, 23
9962, 23
9959, 23
8925, 23
7236, 23
9946, 23
664, 23
722, 23
5055, 23
7703, 23
4649, 23
852, 23
6892, 23
7525, 23
1642, 23
8684, 23
1634, 23
8680, 23
3085, 23
865, 23
7544, 23
6900, 23
2038, 23
1621, 23
3543, 23
151, 23
2053, 23
581, 23
9729, 23
6061, 23
887, 23
174, 23
6066, 23
4030, 23
8777, 23
6975, 23
5306, 23
6970, 23
818, 23
3785, 23
1710, 23
3518, 23
824, 23
3836, 23
4305, 23
2005, 23
7595, 23
3111, 23
4031, 23
6011, 23
7474, 23
2630, 23
8713, 23
8712, 23
5345, 23
5153, 23
2023, 23
6910, 23
6243, 23
3870, 23
6282, 23
3917, 23
6600, 23
9277, 23
391, 23
9480, 23
5484, 23
3901, 23
4181, 23
2270, 23
6241, 23
5635, 23
6226, 23
5657, 23
5633, 23
1351, 23
1194, 23
485, 23
2321, 23
2501, 23
5507, 23
488, 23
6311, 23
5632, 23
323, 23
6215, 23
6495, 23
1312, 23
5646, 23
2980, 23
6424, 23
9285, 23
6392, 23
308, 23
9357, 23
9321, 23
4119, 23
2254, 23
9529, 23
9318, 23
387, 23
6394, 23
2411, 23
6332, 23
9402, 23
9302, 23
1327, 23
5500, 23
4888, 23
8021, 23
1329, 23
4437, 23
7980, 23
2379, 23
6379, 23
1003, 23
9261, 23
6438, 23
393, 23
7919, 23
7917, 23
8389, 23
4930, 23
6532, 23
418, 23
1152, 23
9262, 23
9497, 23
8096, 23
9443, 23
3675, 23
2896, 23
2918, 23
1013, 23
9570, 23
6552, 23
8088, 23
8195, 23
1246, 23
5105, 23
2343, 23
2923, 23
8465, 23
1363, 23
1366, 23
6200, 23
123, 22
9781, 22
8660, 22
2465, 22
1024, 22
7569, 22
2329, 22
1819, 22
5053, 22
6860, 22
1615, 22
6912, 22
4635, 22
2054, 22
4713, 22
7570, 22
5656, 22
7540, 22
1238, 22
7258, 22
8130, 22
3088, 22
3155, 22
3497, 22
8225, 22
6273, 22
4955, 22
8697, 22
2027, 22
392, 22
5913, 22
1803, 22
3167, 22
7079, 22
729, 22
6901, 22
6867, 22
3539, 22
4650, 22
9330, 22
5800, 22
1972, 22
1782, 22
3498, 22
8336, 22
1175, 22
6997, 22
1176, 22
9036, 22
7377, 22
9311, 22
5961, 22
4457, 22
7396, 22
5047, 22
2658, 22
3228, 22
7410, 22
3121, 22
6977, 22
1784, 22
9899, 22
770, 22
55, 22
7033, 22
2362, 22
5948, 22
1953, 22
9026, 22
5265, 22
378, 22
2711, 22
7346, 22
7347, 22
8830, 22
2895, 22
2356, 22
384, 22
8350, 22
68, 22
8814, 22
5332, 22
5638, 22
3658, 22
978, 22
8867, 22
3156, 22
8727, 22
3657, 22
6935, 22
4952, 22
4788, 22
7477, 22
7486, 22
2333, 22
4033, 22
6015, 22
6483, 22
4317, 22
6018, 22
9281, 22
5006, 22
7415, 22
9453, 22
5257, 22
4421, 22
5311, 22
7434, 22
3714, 22
4784, 22
3348, 22
2944, 22
33, 22
8757, 22
9414, 22
9821, 22
3450, 22
5637, 22
5782, 22
8745, 22
9066, 22
7189, 22
9187, 22
6726, 22
7129, 22
6144, 22
7130, 22
4258, 22
5672, 22
4831, 22
6385, 22
5485, 22
6714, 22
7760, 22
2166, 22
7763, 22
3338, 22
2846, 22
6705, 22
8260, 22
8992, 22
7722, 22
7716, 22
6753, 22
1101, 22
9664, 22
6587, 22
407, 22
8993, 22
4073, 22
7994, 22
3203, 22
8570, 22
7199, 22
1321, 22
4075, 22
7731, 22
8565, 22
9179, 22
3421, 22
9547, 22
2867, 22
2507, 22
966, 22
9211, 22
968, 22
981, 22
1410, 22
2212, 22
274, 22
2404, 22
516, 22
9583, 22
970, 22
4439, 22
9582, 22
5603, 22
6647, 22
4553, 22
1392, 22
2206, 22
5679, 22
8531, 22
3620, 22
8529, 22
8989, 22
7172, 22
8513, 22
985, 22
9574, 22
7923, 22
1147, 22
5591, 22
5069, 22
7168, 22
2188, 22
7922, 22
6676, 22
6378, 22
7913, 22
4971, 22
8998, 22
8246, 22
2104, 22
4809, 22
4179, 22
4509, 22
2824, 22
9961, 22
8621, 22
4515, 22
3174, 22
3851, 22
8927, 22
8618, 22
5062, 22
1605, 22
430, 22
7672, 22
3402, 22
3912, 22
4514, 22
9708, 22
8417, 22
4214, 22
1894, 22
8245, 22
1141, 22
4343, 22
2904, 22
7607, 22
4723, 22
7234, 22
6247, 22
1305, 22
6832, 22
1893, 22
3422, 22
1316, 22
9169, 22
8000, 22
1114, 22
8001, 22
6765, 22
1525, 22
9945, 22
8588, 22
7588, 22
312, 22
2067, 22
6233, 22
1268, 22
5727, 22
3753, 22
2775, 22
4335, 22
4986, 22
8060, 22
6781, 22
7682, 22
3326, 22
443, 22
5403, 22
8248, 22
8284, 21
8334, 21
1811, 21
1150, 21
679, 21
8232, 21
9943, 21
686, 21
7319, 21
8909, 21
45, 21
1113, 21
9025, 21
4275, 21
3881, 21
7282, 21
7204, 21
4273, 21
4710, 21
9006, 21
8220, 21
4451, 21
1157, 21
1076, 21
1790, 21
7191, 21
4455, 21
8890, 21
1826, 21
7178, 21
9361, 21
9000, 21
3496, 21
8983, 21
9956, 21
8335, 21
4429, 21
8287, 21
9148, 21
8430, 21
8619, 21
4395, 21
8440, 21
3757, 21
3567, 21
3941, 21
9677, 21
3727, 21
8599, 21
8585, 21
3628, 21
923, 21
924, 21
997, 21
7721, 21
7996, 21
8036, 21
4622, 21
8044, 21
7636, 21
4341, 21
3871, 21
8418, 21
4401, 21
4337, 21
3548, 21
8063, 21
9516, 21
3764, 21
1011, 21
4113, 21
7951, 21
1400, 21
7887, 21
1389, 21
498, 21
9584, 21
1404, 21
4381, 21
7910, 21
3988, 21
3594, 21
8499, 21
3738, 21
7827, 21
3739, 21
3930, 21
9506, 21
253, 21
8456, 21
7787, 21
9561, 21
4587, 21
9230, 21
4087, 21
7770, 21
522, 21
8541, 21
4079, 21
7971, 21
8557, 21
9648, 21
4603, 21
1731, 21
7471, 21
103, 21
1688, 21
8168, 21
4227, 21
9463, 21
9826, 21
3660, 21
9831, 21
1195, 21
3967, 21
3788, 21
3706, 21
1717, 21
78, 21
838, 21
9852, 21
3892, 21
7365, 21
9033, 21
8822, 21
9880, 21
8827, 21
1169, 21
9883, 21
1765, 21
1767, 21
9439, 21
3701, 21
7326, 21
3969, 21
4486, 21
4496, 21
7571, 21
159, 21
332, 21
7566, 21
8400, 21
9115, 21
9499, 21
9756, 21
3960, 21
4492, 21
9767, 21
4116, 21
7542, 21
7539, 21
8213, 21
9775, 21
4648, 21
9086, 21
1230, 21
469, 21
9776, 21
8145, 21
1219, 21
9280, 21
8148, 21
9471, 21
3776, 21
1667, 21
7481, 21
9071, 21
5999, 21
6046, 21
2611, 21
6042, 21
3375, 21
5478, 21
4999, 21
5488, 21
6908, 21
4907, 21
5450, 21
5005, 21
2358, 21
6736, 21
5530, 21
2649, 21
5534, 21
5007, 21
5538, 21
5975, 21
6105, 21
2407, 21
3069, 21
5373, 21
1896, 21
4830, 21
6646, 21
2557, 21
1902, 21
5394, 21
2937, 21
6638, 21
4800, 21
1905, 21
3409, 21
3034, 21
3373, 21
2390, 21
2602, 21
5791, 21
5823, 21
3400, 21
5071, 21
1993, 21
5802, 21
6550, 21
2795, 21
6548, 21
5710, 21
1995, 21
5720, 21
2804, 21
6989, 21
2293, 21
2300, 21
2299, 21
6982, 21
5754, 21
1961, 21
5011, 21
2935, 21
6596, 21
5578, 21
3312, 21
2924, 21
7023, 21
2699, 21
5096, 21
2618, 21
2245, 21
2753, 21
2758, 21
3270, 21
5857, 21
2324, 21
5845, 21
2876, 21
5258, 21
6660, 21
2525, 21
6184, 21
2512, 21
5314, 21
6666, 21
4750, 21
3135, 21
4963, 21
7132, 21
2552, 21
5242, 21
6688, 21
2464, 21
7143, 21
2443, 21
7145, 21
3178, 21
5228, 21
4837, 21
4982, 21
2041, 21
2101, 21
6130, 21
5335, 21
2544, 21
6123, 21
712, 20
1022, 20
8919, 20
5894, 20
2736, 20
8150, 20
2752, 20
7606, 20
7445, 20
8413, 20
2080, 20
8960, 20
8399, 20
4249, 20
2765, 20
1021, 20
4242, 20
6946, 20
6248, 20
2117, 20
6472, 20
8866, 20
4959, 20
6476, 20
4628, 20
738, 20
3438, 20
4477, 20
2716, 20
4265, 20
716, 20
4664, 20
715, 20
5902, 20
1258, 20
1239, 20
919, 20
9055, 20
626, 20
6127, 20
6290, 20
1255, 20
3549, 20
3355, 20
6291, 20
8365, 20
6300, 20
592, 20
3286, 20
583, 20
1270, 20
2447, 20
7549, 20
1237, 20
4406, 20
4279, 20
8125, 20
8392, 20
8121, 20
6116, 20
1025, 20
1997, 20
1711, 20
5822, 20
5810, 20
9027, 20
6866, 20
8117, 20
1027, 20
3777, 20
6040, 20
4324, 20
855, 20
6847, 20
4914, 20
6760, 20
6103, 20
6028, 20
6191, 20
8726, 20
3319, 20
2376, 20
2026, 20
6202, 20
979, 20
6794, 20
6413, 20
6072, 20
8275, 20
8544, 20
6084, 20
8295, 20
8633, 20
6887, 20
1084, 20
3374, 20
1606, 20
6387, 20
8617, 20
6391, 20
1645, 20
6346, 20
8666, 20
967, 20
1610, 20
8442, 20
1675, 20
3673, 20
1620, 20
4463, 20
4900, 20
807, 20
6111, 20
4289, 20
2438, 20
5959, 20
2439, 20
793, 20
6237, 20
5957, 20
787, 20
2490, 20
8546, 20
3783, 20
6917, 20
8751, 20
8610, 20
4308, 20
980, 20
8762, 20
7589, 20
8327, 20
4398, 20
2509, 20
8768, 20
6921, 20
2505, 20
6213, 20
1579, 20
6323, 20
4459, 20
4829, 20
5132, 20
3027, 20
1381, 20
7915, 20
3239, 20
9652, 20
9655, 20
3035, 20
6637, 20
3043, 20
5408, 20
9611, 20
4551, 20
7251, 20
9694, 20
3061, 20
184, 20
173, 20
3945, 20
9728, 20
3947, 20
3949, 20
9753, 20
7931, 20
3619, 20
2973, 20
7049, 20
303, 20
1788, 20
3919, 20
3615, 20
295, 20
291, 20
1921, 20
4709, 20
1892, 20
282, 20
2993, 20
280, 20
5121, 20
6729, 20
5467, 20
270, 20
5460, 20
5451, 20
9604, 20
7185, 20
5172, 20
5286, 20
6684, 20
9888, 20
7194, 20
52, 20
4730, 20
47, 20
2184, 20
9905, 20
38, 20
1837, 20
9919, 20
4733, 20
3592, 20
9932, 20
3486, 20
3982, 20
1870, 20
9953, 20
21, 20
3984, 20
7162, 20
3109, 20
3080, 20
7230, 20
7229, 20
129, 20
7757, 20
6720, 20
3100, 20
9806, 20
1828, 20
6661, 20
4564, 20
7403, 20
5157, 20
1416, 20
4029, 20
5312, 20
3965, 20
5304, 20
5303, 20
1439, 20
9863, 20
7203, 20
5630, 20
9258, 20
9260, 20
9263, 20
4822, 20
1310, 20
2889, 20
4170, 20
9306, 20
2894, 20
1751, 20
2875, 20
7010, 20
1314, 20
2897, 20
5083, 20
3627, 20
9343, 20
7345, 20
7344, 20
9354, 20
7723, 20
9208, 20
578, 20
2823, 20
9137, 20
6984, 20
5732, 20
8055, 20
5717, 20
5713, 20
5708, 20
9200, 20
4600, 20
5070, 20
4517, 20
5686, 20
5684, 20
3633, 20
1303, 20
3868, 20
9251, 20
6998, 20
3909, 20
5098, 20
9496, 20
401, 20
395, 20
9488, 20
7308, 20
1951, 20
5108, 20
5579, 20
3499, 20
5561, 20
5572, 20
1338, 20
3257, 20
6601, 20
3886, 20
3458, 20
317, 20
2154, 20
2240, 20
4865, 20
1355, 20
7336, 20
7932, 19
7782, 19
7785, 19
6695, 19
4836, 19
4532, 19
2295, 19
2235, 19
1451, 19
8034, 19
6541, 19
4579, 19
1245, 19
4582, 19
6546, 19
8343, 19
7942, 19
1151, 19
2320, 19
3598, 19
2714, 19
7964, 19
1460, 19
8092, 19
8344, 19
4928, 19
1221, 19
1334, 19
1111, 19
6469, 19
1408, 19
4555, 19
8156, 19
6368, 19
3689, 19
6588, 19
1205, 19
2332, 19
6365, 19
6477, 19
6589, 19
2401, 19
6590, 19
8312, 19
4892, 19
7855, 19
7927, 19
4845, 19
1235, 19
8011, 19
2421, 19
8318, 19
3393, 19
2338, 19
1083, 19
1377, 19
8302, 19
8009, 19
1102, 19
8291, 19
3907, 19
5606, 19
9363, 19
2912, 19
9387, 19
5587, 19
9415, 19
388, 19
380, 19
2938, 19
424, 19
5531, 19
9501, 19
5519, 19
2966, 19
2967, 19
2969, 19
9536, 19
299, 19
5486, 19
4185, 19
9158, 19
5725, 19
3854, 19
3280, 19
2851, 19
5695, 19
5688, 19
9227, 19
9237, 19
289, 19
9267, 19
2883, 19
9286, 19
9292, 19
5082, 19
5621, 19
9328, 19
9335, 19
3975, 19
98, 19
9820, 19
9823, 19
89, 19
9841, 19
4020, 19
5278, 19
4017, 19
9901, 19
5327, 19
3220, 19
9934, 19
5238, 19
3175, 19
9965, 19
3207, 19
16, 19
5214, 19
3197, 19
9691, 19
3001, 19
261, 19
3242, 19
3240, 19
4081, 19
9669, 19
5410, 19
4070, 19
200, 19
558, 19
170, 19
4061, 19
4047, 19
3952, 19
3087, 19
110, 19
5331, 19
4032, 19
2589, 19
4357, 19
4356, 19
922, 19
6121, 19
8609, 19
8625, 19
2582, 19
2584, 19
6080, 19
8550, 19
891, 19
6068, 19
8659, 19
8661, 19
8696, 19
8698, 19
8735, 19
2637, 19
829, 19
4973, 19
1050, 19
8371, 19
4405, 19
8414, 19
8435, 19
6218, 19
3337, 19
3336, 19
4970, 19
827, 19
6175, 19
8504, 19
4375, 19
3328, 19
8521, 19
2535, 19
2539, 19
4980, 19
9072, 19
5864, 19
5849, 19
2769, 19
672, 19
5040, 19
660, 19
3297, 19
5801, 19
5797, 19
5886, 19
618, 19
9084, 19
605, 19
9094, 19
9103, 19
9113, 19
9135, 19
563, 19
5936, 19
8749, 19
2646, 19
8784, 19
8792, 19
8795, 19
2678, 19
5960, 19
8823, 19
2707, 19
6314, 19
2553, 19
5923, 19
8872, 19
8874, 19
735, 19
8882, 19
5025, 19
710, 19
3457, 19
1876, 19
1590, 19
1678, 19
6876, 19
1614, 19
1489, 19
6903, 19
4774, 19
7137, 19
2113, 19
6740, 19
4747, 19
3482, 19
7205, 19
2120, 19
7105, 19
7222, 19
4653, 19
6972, 19
1791, 19
6855, 19
1963, 19
6856, 19
1793, 19
7417, 19
6828, 19
1912, 19
1715, 19
6884, 19
7289, 19
6822, 19
1586, 19
1847, 19
7669, 19
7468, 19
1643, 19
4694, 19
4632, 19
4806, 19
6724, 19
1807, 19
7075, 19
1776, 19
7586, 19
1744, 19
1975, 19
7499, 19
1701, 19
1658, 19
7554, 19
6940, 19
7305, 19
1646, 19
7704, 19
1509, 19
2323, 18
1994, 18
1936, 18
8183, 18
8133, 18
9007, 18
1708, 18
2952, 18
4765, 18
6427, 18
8602, 18
5827, 18
333, 18
668, 18
4464, 18
917, 18
9524, 18
3751, 18
2774, 18
3650, 18
8151, 18
4245, 18
6119, 18
2781, 18
2326, 18
4479, 18
6107, 18
1229, 18
7253, 18
898, 18
4504, 18
2294, 18
6539, 18
227, 18
897, 18
7444, 18
7262, 18
6547, 18
2756, 18
5416, 18
8645, 18
3425, 18
1298, 18
8956, 18
6953, 18
6759, 18
187, 18
3301, 18
884, 18
8016, 18
5871, 18
693, 18
2743, 18
5442, 18
9571, 18
8118, 18
3824, 18
9581, 18
5858, 18
3017, 18
1795, 18
251, 18
4883, 18
6082, 18
9620, 18
2570, 18
9625, 18
2128, 18
7267, 18
8085, 18
5037, 18
1527, 18
8635, 18
6533, 18
8079, 18
9632, 18
9634, 18
9100, 18
5752, 18
7367, 18
1040, 18
8486, 18
6289, 18
7618, 18
8370, 18
2878, 18
5660, 18
4953, 18
590, 18
6195, 18
8357, 18
2450, 18
7627, 18
4781, 18
9090, 18
9301, 18
7005, 18
2435, 18
1969, 18
1075, 18
617, 18
9202, 18
4203, 18
6990, 18
526, 18
1604, 18
7392, 18
1603, 18
8434, 18
1977, 18
9149, 18
3278, 18
1599, 18
3358, 18
1006, 18
4805, 18
6209, 18
515, 18
7401, 18
570, 18
7378, 18
6830, 18
7613, 18
8473, 18
2821, 18
2782, 18
647, 18
1712, 18
7027, 18
3298, 18
4148, 18
4775, 18
3885, 18
4453, 18
5567, 18
4910, 18
2375, 18
6147, 18
9585, 18
5552, 18
2367, 18
930, 18
6129, 18
6441, 18
5821, 18
351, 18
925, 18
4121, 18
341, 18
439, 18
9309, 18
8329, 18
2900, 18
9320, 18
3501, 18
6344, 18
622, 18
2529, 18
1095, 18
8299, 18
1098, 18
1939, 18
7644, 18
6158, 18
1118, 18
4776, 18
4157, 18
410, 18
8549, 18
4814, 18
2052, 18
4151, 18
1134, 18
7217, 18
1699, 18
4572, 18
7223, 18
7947, 18
3795, 18
5177, 18
7944, 18
2191, 18
1827, 18
7941, 18
7940, 18
7848, 18
8820, 18
3618, 18
4015, 18
1419, 18
2228, 18
706, 18
8924, 18
7501, 18
4533, 18
2730, 18
6704, 18
1869, 18
2033, 18
1695, 18
5350, 18
5348, 18
3095, 18
1447, 18
6613, 18
7955, 18
4003, 18
2631, 18
6939, 18
4853, 18
4022, 18
3611, 18
1840, 18
2209, 18
3134, 18
5169, 18
8853, 18
9875, 18
844, 18
7886, 18
6648, 18
9869, 18
4019, 18
7126, 18
2728, 18
3311, 18
7467, 18
4855, 18
8875, 18
3140, 18
50, 18
3525, 18
4728, 18
2195, 18
2010, 18
1656, 18
7862, 18
7861, 18
2616, 18
9819, 18
2019, 18
13, 18
5212, 18
6597, 18
2236, 18
4053, 18
3209, 18
1322, 18
6752, 18
3416, 18
5359, 18
3181, 18
8761, 18
1474, 18
7796, 18
5370, 18
5219, 18
7773, 18
9986, 18
3078, 18
3521, 18
3591, 18
3480, 18
6577, 18
5883, 18
8667, 18
7523, 18
2004, 18
5691, 17
3148, 17
9058, 17
421, 17
5700, 17
9352, 17
1471, 17
4234, 17
3188, 17
7568, 17
3146, 17
6711, 17
6354, 17
2506, 17
5261, 17
631, 17
7648, 17
429, 17
440, 17
1598, 17
9342, 17
5609, 17
6160, 17
1774, 17
9192, 17
5983, 17
9881, 17
5101, 17
826, 17
5573, 17
7778, 17
843, 17
2177, 17
3853, 17
2493, 17
9421, 17
6696, 17
3132, 17
6699, 17
3275, 17
3604, 17
3510, 17
762, 17
6149, 17
7498, 17
9390, 17
6252, 17
7384, 17
5206, 17
9040, 17
3835, 17
9153, 17
6217, 17
9405, 17
6239, 17
4847, 17
3500, 17
8497, 17
2454, 17
6186, 17
5187, 17
5004, 17
9273, 17
6197, 17
977, 17
3287, 17
6188, 17
5649, 17
828, 17
9289, 17
7360, 17
3182, 17
6198, 17
9942, 17
9243, 17
8480, 17
3335, 17
2182, 17
5190, 17
9245, 17
9259, 17
2461, 17
8487, 17
7317, 17
19, 17
3722, 17
8800, 17
1592, 17
1974, 17
4002, 17
7484, 17
4567, 17
1617, 17
8509, 17
8821, 17
3359, 17
4935, 17
9916, 17
2803, 17
2801, 17
7356, 17
8515, 17
3221, 17
1758, 17
3363, 17
1421, 17
2097, 17
504, 17
6171, 17
7140, 17
1068, 17
6707, 17
7585, 17
9295, 17
3700, 17
4691, 17
5766, 17
8300, 17
2869, 17
7842, 17
9970, 17
1434, 17
800, 17
2825, 17
493, 17
9774, 17
9587, 17
8628, 17
5343, 17
263, 17
1248, 17
255, 17
9613, 17
4088, 17
2227, 17
9617, 17
8921, 17
3758, 17
6886, 17
1800, 17
2229, 17
5439, 17
128, 17
9768, 17
9766, 17
7072, 17
7730, 17
6508, 17
7437, 17
1369, 17
4769, 17
2331, 17
6498, 17
7118, 17
8976, 17
6502, 17
7939, 17
8136, 17
9633, 17
7057, 17
1830, 17
907, 17
4098, 17
4251, 17
3098, 17
5476, 17
3231, 17
1534, 17
8650, 17
207, 17
6888, 17
5030, 17
6748, 17
9681, 17
5884, 17
6558, 17
5141, 17
6065, 17
9738, 17
209, 17
2755, 17
2269, 17
9697, 17
877, 17
3235, 17
5387, 17
5033, 17
2742, 17
9723, 17
2260, 17
4050, 17
3933, 17
6536, 17
1341, 17
8070, 17
5432, 17
4077, 17
4045, 17
8062, 17
4716, 17
4724, 17
4852, 17
220, 17
8675, 17
9657, 17
9659, 17
3624, 17
7102, 17
4510, 17
213, 17
5413, 17
3230, 17
2771, 17
327, 17
2558, 17
2028, 17
931, 17
6784, 17
5039, 17
9512, 17
3902, 17
7433, 17
6470, 17
5831, 17
7749, 17
658, 17
8575, 17
2207, 17
8884, 17
7921, 17
1380, 17
2349, 17
6635, 17
3118, 17
8153, 17
4899, 17
3910, 17
6792, 17
4856, 17
9843, 17
4615, 17
9483, 17
9538, 17
8227, 17
6426, 17
5877, 17
9021, 17
6418, 17
362, 17
3382, 17
6779, 17
6490, 17
4904, 17
727, 17
8605, 17
1926, 17
8774, 16
3443, 16
841, 16
540, 16
4271, 16
573, 16
6224, 16
4270, 16
8641, 16
6861, 16
6872, 16
2657, 16
2791, 16
8665, 16
2595, 16
8861, 16
5996, 16
2831, 16
2593, 16
5026, 16
8651, 16
2641, 16
7557, 16
6138, 16
8577, 16
8574, 16
2549, 16
937, 16
8555, 16
1641, 16
5043, 16
3767, 16
549, 16
909, 16
5840, 16
3310, 16
2563, 16
4644, 16
5856, 16
3291, 16
7506, 16
8525, 16
7439, 16
8811, 16
2008, 16
6161, 16
1612, 16
3314, 16
2056, 16
795, 16
5780, 16
9067, 16
5844, 16
2725, 16
4686, 16
6973, 16
8981, 16
2693, 16
5778, 16
6189, 16
2700, 16
4990, 16
1724, 16
2796, 16
5949, 16
2694, 16
4658, 16
1640, 16
6846, 16
9045, 16
5050, 16
9048, 16
3813, 16
661, 16
4364, 16
3449, 16
1722, 16
3318, 16
3815, 16
1706, 16
8829, 16
3746, 16
4352, 16
8963, 16
4701, 16
9679, 16
3568, 16
9567, 16
8124, 16
9569, 16
268, 16
1251, 16
7696, 16
1528, 16
4497, 16
2297, 16
9638, 16
5424, 16
7263, 16
8053, 16
2988, 16
9683, 16
1299, 16
3049, 16
2272, 16
1903, 16
192, 16
3465, 16
1302, 16
8018, 16
183, 16
5381, 16
2252, 16
169, 16
5376, 16
6785, 16
9450, 16
2366, 16
9456, 16
1171, 16
6449, 16
9470, 16
8200, 16
8197, 16
3665, 16
1935, 16
9490, 16
4470, 16
3389, 16
5529, 16
7097, 16
4109, 16
9517, 16
2960, 16
7301, 16
7298, 16
2977, 16
5493, 16
9543, 16
1218, 16
8149, 16
3651, 16
4100, 16
6510, 16
1437, 16
1879, 16
7195, 16
3138, 16
7756, 16
6719, 16
9896, 16
1877, 16
9903, 16
7863, 16
9917, 16
3973, 16
7846, 16
6669, 16
9928, 16
1406, 16
6675, 16
7175, 16
6679, 16
9947, 16
9950, 16
1453, 16
9960, 16
4745, 16
7777, 16
4, 16
3202, 16
9997, 16
3992, 16
6700, 16
4725, 16
2149, 16
6742, 16
150, 16
4051, 16
7729, 16
6598, 16
6599, 16
3407, 16
1831, 16
97, 16
1490, 16
6622, 16
6730, 16
4540, 16
2838, 16
5319, 16
1885, 16
1834, 16
1481, 16
7123, 16
1836, 16
1386, 16
5164, 16
3125, 16
9855, 16
74, 16
5292, 16
5281, 16
486, 16
6285, 16
2455, 16
7373, 16
3867, 16
2468, 16
9350, 16
2084, 16
2872, 16
4811, 16
6829, 16
4193, 16
422, 16
3366, 16
1742, 16
6994, 16
2091, 16
8408, 16
501, 16
474, 16
2901, 16
444, 16
2096, 16
6283, 16
7640, 16
2413, 16
4169, 16
1081, 16
8307, 16
2877, 16
1051, 16
476, 16
1089, 16
5618, 16
5085, 16
9244, 16
441, 16
2463, 16
1104, 16
1962, 16
4813, 16
6398, 16
5102, 16
1137, 16
458, 16
2927, 16
524, 16
7330, 16
6240, 16
6824, 16
7386, 16
2848, 16
5641, 16
4174, 16
1123, 16
7019, 16
2860, 16
3367, 16
9275, 16
8439, 16
5596, 16
8441, 16
4693, 16
538, 16
9303, 16
7318, 16
8268, 16
448, 15
2014, 15
118, 15
7001, 15
9797, 15
5755, 15
8907, 15
9844, 15
9096, 15
8898, 15
467, 15
2720, 15
593, 15
2882, 15
7366, 15
587, 15
86, 15
3089, 15
3490, 15
7364, 15
12, 15
7398, 15
7483, 15
7383, 15
9949, 15
4659, 15
2018, 15
8790, 15
15, 15
564, 15
525, 15
2656, 15
9183, 15
5719, 15
5204, 15
2653, 15
1669, 15
8873, 15
9210, 15
8810, 15
3282, 15
9138, 15
9923, 15
5176, 15
7186, 15
7188, 15
4184, 15
8857, 15
5020, 15
3968, 15
4662, 15
4688, 15
9849, 15
7291, 15
9518, 15
5097, 15
3916, 15
7048, 15
670, 15
4783, 15
3831, 15
5598, 15
7160, 15
5600, 15
1770, 15
3825, 15
5118, 15
8974, 15
5605, 15
297, 15
5786, 15
3921, 15
4163, 15
4166, 15
9028, 15
7315, 15
5563, 15
5550, 15
9023, 15
652, 15
3904, 15
5545, 15
5565, 15
9468, 15
9474, 15
6960, 15
5824, 15
9005, 15
5586, 15
4238, 15
403, 15
9394, 15
9502, 15
5517, 15
3913, 15
1820, 15
7013, 15
9317, 15
178, 15
5148, 15
5378, 15
3468, 15
7012, 15
9020, 15
5767, 15
9730, 15
5147, 15
8938, 15
9743, 15
5761, 15
1985, 15
3957, 15
8931, 15
8930, 15
9287, 15
3083, 15
3029, 15
683, 15
6954, 15
9579, 15
4095, 15
4092, 15
2906, 15
246, 15
3025, 15
9629, 15
3086, 15
3841, 15
7261, 15
1906, 15
5405, 15
9686, 15
3289, 15
3876, 15
9323, 15
7087, 15
8510, 15
7609, 15
4828, 15
8127, 15
4974, 15
7615, 15
1595, 15
8715, 15
2322, 15
8017, 15
8012, 15
8379, 15
6491, 15
8373, 15
4833, 15
1412, 15
7527, 15
3420, 15
3352, 15
7681, 15
6906, 15
4890, 15
1376, 15
8006, 15
1553, 15
3745, 15
8527, 15
2426, 15
1635, 15
6337, 15
6850, 15
1519, 15
6545, 15
1390, 15
2498, 15
6551, 15
4552, 15
4597, 15
8045, 15
8094, 15
8469, 15
1287, 15
3642, 15
6557, 15
854, 15
2221, 15
7878, 15
6041, 15
8488, 15
3647, 15
6032, 15
6511, 15
8407, 15
8705, 15
2622, 15
2472, 15
3573, 15
2610, 15
1020, 15
8611, 15
1454, 15
4306, 15
3558, 15
1331, 15
4530, 15
6690, 15
1578, 15
7667, 15
3404, 15
3587, 15
4911, 15
6366, 15
6445, 15
4619, 15
3440, 15
2554, 15
1326, 15
8607, 15
4981, 15
6916, 15
7547, 15
6798, 15
8242, 15
6343, 15
2039, 15
3378, 15
8753, 15
1664, 15
913, 15
2339, 15
2648, 15
7552, 15
3668, 15
1091, 15
6920, 15
2576, 15
8539, 15
8540, 15
3556, 15
3045, 14
7580, 14
5819, 14
196, 14
1340, 14
3736, 14
935, 14
659, 14
5741, 14
1284, 14
2826, 14
3038, 14
6843, 14
9143, 14
8592, 14
4222, 14
2798, 14
630, 14
8002, 14
2799, 14
3840, 14
9726, 14
9064, 14
2251, 14
4372, 14
2540, 14
9575, 14
4362, 14
8514, 14
6166, 14
3054, 14
941, 14
4685, 14
1816, 14
940, 14
4524, 14
152, 14
4361, 14
5809, 14
5784, 14
601, 14
5146, 14
5365, 14
3079, 14
6980, 14
8186, 14
6446, 14
1759, 14
9349, 14
7646, 14
4929, 14
4118, 14
3264, 14
435, 14
5613, 14
336, 14
3687, 14
334, 14
9319, 14
9494, 14
7351, 14
8330, 14
450, 14
7006, 14
4173, 14
5513, 14
8349, 14
5589, 14
4147, 14
3882, 14
6406, 14
1136, 14
7331, 14
1563, 14
1148, 14
3679, 14
9437, 14
4137, 14
7004, 14
5594, 14
4158, 14
2364, 14
1117, 14
9370, 14
3263, 14
6435, 14
5548, 14
419, 14
9615, 14
9572, 14
7495, 14
8113, 14
1532, 14
5461, 14
1005, 14
6773, 14
5446, 14
8433, 14
9185, 14
2474, 14
4086, 14
6230, 14
234, 14
8081, 14
9635, 14
4877, 14
9162, 14
5136, 14
9155, 14
8157, 14
2888, 14
2086, 14
1550, 14
465, 14
9271, 14
6783, 14
5655, 14
9537, 14
3344, 14
3873, 14
6840, 14
7055, 14
6776, 14
477, 14
1236, 14
3865, 14
8122, 14
4609, 14
3341, 14
2866, 14
766, 14
2741, 14
5317, 14
93, 14
6053, 14
5253, 14
3187, 14
7904, 14
5976, 14
4541, 14
6056, 14
8952, 14
8781, 14
8687, 14
3602, 14
6925, 14
9889, 14
29, 14
5294, 14
1889, 14
9936, 14
4254, 14
8834, 14
106, 14
7949, 14
1396, 14
3771, 14
5929, 14
3971, 14
5895, 14
85, 14
5260, 14
9838, 14
8860, 14
811, 14
8678, 14
4732, 14
842, 14
9904, 14
3580, 14
3614, 14
752, 14
8746, 14
3778, 14
1388, 14
1422, 14
4023, 14
7455, 14
7841, 14
6050, 14
4257, 14
8598, 14
5186, 14
2676, 14
4035, 14
6617, 14
721, 14
7769, 14
1681, 14
5279, 14
9800, 14
9951, 14
831, 14
8984, 14
1448, 14
8600, 14
7753, 14
9788, 14
7461, 14
9860, 14
6706, 14
5282, 14
4578, 14
905, 14
9996, 14
1467, 14
1685, 14
9799, 14
490, 13
1057, 13
1659, 13
7389, 13
747, 13
8428, 13
7388, 13
1601, 13
6267, 13
7063, 13
4848, 13
8893, 13
1119, 13
7860, 13
484, 13
7071, 13
1798, 13
6260, 13
5216, 13
514, 13
9972, 13
7379, 13
279, 13
7278, 13
6036, 13
505, 13
417, 13
1913, 13
6915, 13
2853, 13
360, 13
2718, 13
5107, 13
2198, 13
6031, 13
4490, 13
5547, 13
5270, 13
9598, 13
414, 13
9197, 13
1015, 13
6701, 13
7043, 13
8732, 13
7832, 13
2337, 13
1106, 13
7042, 13
8178, 13
4115, 13
7511, 13
786, 13
4590, 13
3255, 13
5640, 13
9511, 13
1203, 13
7809, 13
6475, 13
1438, 13
9486, 13
3551, 13
7310, 13
8298, 13
3268, 13
2345, 13
6355, 13
6456, 13
2905, 13
7181, 13
9326, 13
3484, 13
5014, 13
2115, 13
1450, 13
7819, 13
6338, 13
6778, 13
5964, 13
7623, 13
306, 13
1044, 13
9912, 13
7052, 13
1749, 13
1547, 13
4715, 13
751, 13
5670, 13
7035, 13
8804, 13
8131, 13
3585, 13
8387, 13
3249, 13
6310, 13
1971, 13
5079, 13
2965, 13
5017, 13
6485, 13
6674, 13
1458, 13
9563, 13
1060, 13
3589, 13
5496, 13
760, 13
5938, 13
1423, 13
8280, 13
7718, 13
402, 13
6167, 13
5776, 13
7416, 13
4537, 13
3191, 13
9063, 13
6579, 13
3066, 13
8237, 13
5998, 13
2530, 13
9054, 13
4647, 13
6155, 13
4645, 13
8537, 13
9706, 13
700, 13
9701, 13
604, 13
6797, 13
6179, 13
1810, 13
4153, 13
9091, 13
681, 13
5385, 13
2608, 13
2814, 13
6851, 13
4219, 13
5054, 13
9717, 13
4535, 13
7726, 13
7560, 13
2239, 13
6615, 13
655, 13
3327, 13
7428, 13
7430, 13
7104, 13
7106, 13
6112, 13
2176, 13
4037, 13
4824, 13
5830, 13
4038, 13
3537, 13
149, 13
8615, 13
6584, 13
7543, 13
2932, 13
5988, 13
7725, 13
5848, 13
7110, 13
8501, 13
8556, 13
1630, 13
4676, 13
143, 13
4637, 13
5341, 13
9791, 13
6214, 13
1281, 13
6764, 13
9157, 13
5558, 13
3032, 13
4705, 13
1282, 13
6543, 13
8905, 13
2833, 13
4209, 13
218, 13
8910, 13
6986, 13
9662, 13
6211, 13
3037, 13
9446, 13
2723, 13
9376, 13
9181, 13
8091, 13
533, 13
6000, 13
6414, 13
5285, 13
189, 13
8690, 13
9862, 13
2834, 13
5723, 13
3938, 13
9382, 13
5724, 13
2276, 13
5008, 13
5751, 13
4968, 13
2818, 13
9117, 13
9988, 13
708, 13
1512, 13
9685, 13
5401, 13
4380, 13
6627, 13
591, 13
816, 13
1833, 13
8783, 13
7255, 13
9850, 13
6374, 13
568, 13
4666, 13
4449, 13
2819, 13
6949, 13
5211, 12
6694, 12
1149, 12
6429, 12
1356, 12
6793, 12
3189, 12
9983, 12
9465, 12
3895, 12
349, 12
1177, 12
5568, 12
7152, 12
4141, 12
7494, 12
7668, 12
4581, 12
2934, 12
3388, 12
4139, 12
9455, 12
1517, 12
8022, 12
2220, 12
4872, 12
1300, 12
5145, 12
1515, 12
81, 12
2281, 12
1479, 12
7212, 12
4876, 12
3578, 12
2138, 12
5425, 12
9643, 12
9864, 12
1261, 12
67, 12
1260, 12
1361, 12
3090, 12
2152, 12
9754, 12
3097, 12
1358, 12
9739, 12
5372, 12
9733, 12
2250, 12
247, 12
2224, 12
6731, 12
166, 12
5324, 12
5322, 12
7242, 12
94, 12
2145, 12
4735, 12
5256, 12
1215, 12
34, 12
9532, 12
8160, 12
6487, 12
3976, 12
3158, 12
1208, 12
7288, 12
3914, 12
5518, 12
3163, 12
22, 12
2956, 12
9498, 12
4614, 12
3412, 12
1184, 12
5123, 12
2311, 12
1254, 12
9608, 12
60, 12
3398, 12
3926, 12
4489, 12
3245, 12
1243, 12
1856, 12
5276, 12
1841, 12
5271, 12
4563, 12
44, 12
4749, 12
1539, 12
293, 12
1611, 12
740, 12
464, 12
3330, 12
606, 12
9092, 12
8354, 12
5059, 12
5651, 12
2442, 12
2624, 12
7478, 12
8493, 12
2452, 12
1721, 12
5658, 12
4777, 12
1982, 12
1587, 12
2681, 12
8552, 12
3773, 12
9316, 12
2090, 12
942, 12
4939, 12
5922, 12
6023, 12
951, 12
8524, 12
9062, 12
8881, 12
9079, 12
851, 12
3317, 12
4282, 12
503, 12
9218, 12
506, 12
6987, 12
8851, 12
2073, 12
9165, 12
6255, 12
9221, 12
1732, 12
6253, 12
777, 12
840, 12
7596, 12
775, 12
1000, 12
3508, 12
3808, 12
9119, 12
2459, 12
9254, 12
9122, 12
835, 12
2873, 12
2627, 12
2064, 12
7661, 12
3527, 12
7590, 12
7400, 12
7592, 12
4315, 12
3277, 12
9146, 12
2580, 12
713, 12
864, 12
3323, 12
2668, 12
8780, 12
1773, 12
7451, 12
5901, 12
6390, 12
9356, 12
9392, 12
6896, 12
2572, 12
6110, 12
9358, 12
9365, 12
5872, 12
420, 12
2726, 12
8916, 12
728, 12
711, 12
5916, 12
809, 12
823, 12
651, 12
2784, 12
8266, 12
6369, 12
8688, 12
3306, 12
3377, 12
3546, 12
8793, 12
1729, 11
3972, 11
886, 11
4261, 11
5932, 11
8724, 11
9134, 11
569, 11
7073, 11
4506, 11
4334, 11
9173, 11
7914, 11
5444, 11
6772, 11
9184, 11
5443, 11
4961, 11
4882, 11
8444, 11
3410, 11
79, 11
9925, 11
6630, 11
555, 11
8449, 11
4501, 11
2729, 11
3423, 11
4857, 11
8850, 11
197, 11
551, 11
553, 11
4996, 11
702, 11
3068, 11
2144, 11
127, 11
4763, 11
7963, 11
8691, 11
6943, 11
4846, 11
8520, 11
4040, 11
1627, 11
7888, 11
66, 11
2556, 11
9878, 11
4761, 11
9016, 11
161, 11
4058, 11
2247, 11
7421, 11
6971, 11
8547, 11
9742, 11
3623, 11
1654, 11
7224, 11
1904, 11
7895, 11
1476, 11
3102, 11
1290, 11
4516, 11
6619, 11
2715, 11
899, 11
3441, 11
6565, 11
2029, 11
7896, 11
1411, 11
7459, 11
911, 11
8606, 11
8900, 11
1510, 11
2261, 11
9784, 11
3224, 11
5382, 11
5769, 11
3710, 11
3357, 11
1196, 11
4472, 11
9510, 11
3874, 11
9432, 11
5514, 11
8341, 11
9958, 11
6005, 11
5497, 11
1955, 11
4739, 11
2085, 11
9540, 11
9541, 11
396, 11
6275, 11
6999, 11
9247, 11
4573, 11
7614, 11
2083, 11
4918, 11
6363, 11
5588, 11
9386, 11
5559, 11
7795, 11
4159, 11
9982, 11
8274, 11
7016, 11
2363, 11
8258, 11
5544, 11
7036, 11
6934, 11
7649, 11
7343, 11
1860, 11
9482, 11
7639, 11
3693, 11
803, 11
2417, 11
4771, 11
8744, 11
1968, 11
4283, 11
8424, 11
6993, 11
8833, 11
518, 11
3339, 11
2316, 11
7274, 11
275, 11
8410, 11
2487, 11
9605, 11
4392, 10
3234, 10
6812, 10
2409, 10
6454, 10
6001, 10
7975, 10
4799, 10
6649, 10
2151, 10
5820, 10
9769, 10
2352, 10
1347, 10
2231, 10
9976, 10
1373, 10
1880, 10
2181, 10
7987, 10
7198, 10
9034, 10
1190, 10
5676, 10
3073, 10
2314, 10
7602, 10
939, 10
6526, 10
5811, 10
6137, 10
6345, 10
8087, 10
5532, 10
2654, 10
4204, 10
6352, 10
373, 10
4751, 10
4960, 10
2666, 10
3019, 10
5604, 10
6063, 10
3414, 10
4547, 10
8978, 10
1910, 10
1686, 10
1561, 10
690, 10
3256, 10
3763, 10
3789, 10
2843, 10
6370, 10
1628, 10
6873, 10
8676, 10
5910, 10
6964, 10
8755, 10
5320, 10
3834, 10
5197, 10
9787, 10
2205, 10
5970, 10
8278, 10
6895, 10
1166, 10
858, 10
1709, 10
4314, 10
9548, 10
8035, 10
305, 10
8378, 10
1535, 10
7866, 10
745, 10
7821, 10
6512, 10
1746, 10
3260, 10
6796, 10
3143, 10
307, 10
6626, 10
511, 10
9160, 10
4326, 10
2192, 10
5726, 10
753, 10
2628, 10
9656, 10
1016, 10
4024, 10
7829, 10
7826, 10
7791, 10
1542, 10
4654, 10
6932, 10
8714, 10
1466, 10
4483, 10
8132, 10
8470, 10
4101, 10
5750, 10
8700, 10
6219, 10
1430, 10
8340, 10
164, 10
7877, 10
2479, 10
5223, 10
6914, 10
2891, 10
4978, 10
5466, 10
4500, 10
3183, 10
7567, 10
1266, 10
5946, 10
517, 10
7237, 10
3696, 10
1551, 10
2514, 10
7576, 10
2478, 10
5078, 10
8502, 10
9322, 10
5645, 10
6930, 10
9284, 10
6974, 10
7626, 10
4065, 10
9294, 10
9641, 10
8739, 10
8685, 10
9922, 10
8769, 9
9999, 9
7790, 9
6022, 9
3526, 9
5940, 9
7835, 9
8849, 9
7136, 9
839, 9
7831, 9
6677, 9
5927, 9
2168, 9
1696, 9
2164, 9
3805, 9
7870, 9
6027, 9
4311, 9
9978, 9
9867, 9
7775, 9
4263, 9
6641, 9
4202, 9
7284, 9
285, 9
6265, 9
8123, 9
9580, 9
2998, 9
1008, 9
7276, 9
6515, 9
1911, 9
8437, 9
1032, 9
8074, 9
8071, 9
221, 9
215, 9
9668, 9
2292, 9
975, 9
9114, 9
9106, 9
7081, 9
599, 9
9345, 9
3883, 9
3376, 9
9424, 9
2389, 9
377, 9
9384, 9
8224, 9
4160, 9
6801, 9
9461, 9
346, 9
9837, 9
2412, 9
9329, 9
2094, 9
3269, 9
4624, 9
9279, 9
5650, 9
1594, 9
6505, 9
479, 9
5119, 9
7424, 9
2773, 9
2559, 9
3406, 9
914, 9
3964, 9
676, 9
3577, 9
7727, 9
927, 9
6134, 9
9803, 9
1821, 9
4669, 9
7926, 9
2805, 9
4753, 9
9061, 9
8522, 9
4327, 9
5309, 9
2059, 9
5524, 8
5527, 8
2958, 8
6319, 8
6473, 8
4172, 8
678, 8
4770, 8
7029, 8
1928, 8
7953, 8
309, 8
6919, 8
6006, 8
9847, 8
8015, 8
5540, 8
5210, 8
1120, 8
3790, 8
4135, 8
5551, 8
3880, 8
9818, 8
7341, 8
9353, 8
109, 8
7739, 8
6064, 8
7803, 8
7325, 8
8233, 8
893, 8
8799, 8
2093, 8
882, 8
4229, 8
7766, 8
547, 8
5174, 8
3734, 8
9159, 8
4604, 8
988, 8
983, 8
4268, 8
5433, 8
3640, 8
4384, 8
8476, 8
4687, 8
6852, 8
3635, 8
191, 8
594, 8
4400, 8
5235, 8
2991, 8
7108, 8
8583, 8
6039, 8
4864, 8
7277, 8
1865, 8
5360, 8
2078, 8
5066, 8
30, 8
6528, 8
2204, 7
235, 7
4499, 7
6402, 7
4176, 7
6938, 7
1026, 7
582, 7
9833, 7
9684, 7
9814, 7
7808, 7
6880, 7
3294, 7
4606, 7
5729, 7
6544, 7
